132 22 6

0.000000 -150.000000 -0.000000
-0.707107 0.000000 0.707107
1.000000 1.000000 1.000000 1.000000
0.000000 0.000000

50.000000 -150.000000 -0.000000
0.000000 0.000000 1.000000
1.000000 1.000000 1.000000 1.000000
0.330000 0.000000

100.000000 -150.000000 -0.000000
0.000000 0.000000 1.000000
1.000000 1.000000 1.000000 1.000000
0.660000 0.000000

150.000000 -150.000000 -0.000000
0.000000 0.000000 1.000000
1.000000 1.000000 1.000000 1.000000
0.990000 0.000000

200.000000 -150.000000 -0.000000
0.000000 0.000000 1.000000
1.000000 1.000000 1.000000 1.000000
1.320000 0.000000

250.000000 -150.000000 -0.000000
0.000000 1.000000 0.000000
1.000000 1.000000 1.000000 1.000000
1.650000 0.000000

0.000000 -150.000000 -50.000000
-1.000000 0.000000 0.000000
1.000000 1.000000 1.000000 1.000000
0.000000 0.330000

0.000000 0.000000 -0.000000
-0.577350 0.577350 0.577350
1.000000 1.000000 1.000000 1.000000
0.330000 0.330000

100.000000 0.000000 -0.000000
0.000000 0.707107 0.707107
1.000000 1.000000 1.000000 1.000000
0.660000 0.330000

150.000000 0.000000 -0.000000
0.000000 0.707107 0.707107
1.000000 1.000000 1.000000 1.000000
0.990000 0.330000

250.000000 0.000000 -0.000000
0.534522 0.267261 0.801784
1.000000 1.000000 1.000000 1.000000
1.320000 0.330000

250.000000 -150.000000 -0.000000
0.707107 0.000000 0.707107
1.000000 1.000000 1.000000 1.000000
1.650000 0.330000

0.000000 -150.000000 -100.000000
-1.000000 0.000000 0.000000
1.000000 1.000000 1.000000 1.000000
0.000000 0.660000

0.000000 0.000000 -100.000000
-0.707107 0.707107 0.000000
1.000000 1.000000 1.000000 1.000000
0.330000 0.660000

100.000000 0.000000 -100.000000
0.000000 1.000000 0.000000
1.000000 1.000000 1.000000 1.000000
0.660000 0.660000

150.000000 0.000000 -100.000000
0.000000 1.000000 0.000000
1.000000 1.000000 1.000000 1.000000
0.990000 0.660000

250.000000 0.000000 -100.000000
0.707107 0.707107 0.000000
1.000000 1.000000 1.000000 1.000000
1.320000 0.660000

250.000000 -150.000000 -100.000000
1.000000 0.000000 -0.000000
1.000000 1.000000 1.000000 1.000000
1.650000 0.660000

0.000000 -150.000000 -150.000000
-1.000000 0.000000 0.000000
1.000000 1.000000 1.000000 1.000000
0.000000 0.990000

0.000000 0.000000 -150.000000
-0.707107 0.707107 0.000000
1.000000 1.000000 1.000000 1.000000
0.330000 0.990000

100.000000 0.000000 -150.000000
0.000000 1.000000 0.000000
1.000000 1.000000 1.000000 1.000000
0.660000 0.990000

150.000000 0.000000 -150.000000
0.000000 1.000000 0.000000
1.000000 1.000000 1.000000 1.000000
0.990000 0.990000

250.000000 0.000000 -150.000000
0.707107 0.707107 0.000000
1.000000 1.000000 1.000000 1.000000
1.320000 0.990000

250.000000 -150.000000 -150.000000
1.000000 0.000000 -0.000000
1.000000 1.000000 1.000000 1.000000
1.650000 0.990000

0.000000 -150.000000 -200.000000
-1.000000 0.000000 0.000000
1.000000 1.000000 1.000000 1.000000
0.000000 1.320000

0.000000 0.000000 -200.000000
-0.707107 0.707107 0.000000
1.000000 1.000000 1.000000 1.000000
0.330000 1.320000

100.000000 0.000000 -200.000000
0.000000 1.000000 0.000000
1.000000 1.000000 1.000000 1.000000
0.660000 1.320000

150.000000 0.000000 -200.000000
0.000000 1.000000 0.000000
1.000000 1.000000 1.000000 1.000000
0.990000 1.320000

250.000000 0.000000 -200.000000
0.707107 0.707107 0.000000
1.000000 1.000000 1.000000 1.000000
1.320000 1.320000

250.000000 -150.000000 -200.000000
1.000000 0.000000 -0.000000
1.000000 1.000000 1.000000 1.000000
1.650000 1.320000

0.000000 -150.000000 -250.000000
-1.000000 0.000000 0.000000
1.000000 1.000000 1.000000 1.000000
0.000000 1.650000

0.000000 0.000000 -250.000000
-0.707107 0.707107 0.000000
1.000000 1.000000 1.000000 1.000000
0.330000 1.650000

100.000000 0.000000 -250.000000
0.000000 1.000000 0.000000
1.000000 1.000000 1.000000 1.000000
0.660000 1.650000

150.000000 0.000000 -250.000000
0.000000 1.000000 0.000000
1.000000 1.000000 1.000000 1.000000
0.990000 1.650000

250.000000 0.000000 -250.000000
0.707107 0.707107 0.000000
1.000000 1.000000 1.000000 1.000000
1.320000 1.650000

250.000000 -150.000000 -250.000000
1.000000 0.000000 -0.000000
1.000000 1.000000 1.000000 1.000000
1.650000 1.650000

0.000000 -150.000000 -300.000000
-1.000000 0.000000 0.000000
1.000000 1.000000 1.000000 1.000000
0.000000 1.980000

0.000000 0.000000 -300.000000
-0.707107 0.707107 0.000000
1.000000 1.000000 1.000000 1.000000
0.330000 1.980000

100.000000 0.000000 -300.000000
0.000000 1.000000 0.000000
1.000000 1.000000 1.000000 1.000000
0.660000 1.980000

150.000000 0.000000 -300.000000
0.000000 1.000000 0.000000
1.000000 1.000000 1.000000 1.000000
0.990000 1.980000

250.000000 0.000000 -300.000000
0.707107 0.707107 0.000000
1.000000 1.000000 1.000000 1.000000
1.320000 1.980000

250.000000 -150.000000 -300.000000
1.000000 0.000000 -0.000000
1.000000 1.000000 1.000000 1.000000
1.650000 1.980000

0.000000 -150.000000 -350.000000
-1.000000 0.000000 0.000000
1.000000 1.000000 1.000000 1.000000
0.000000 2.310000

0.000000 0.000000 -350.000000
-0.707107 0.707107 0.000000
1.000000 1.000000 1.000000 1.000000
0.330000 2.310000

100.000000 0.000000 -350.000000
0.000000 1.000000 0.000000
1.000000 1.000000 1.000000 1.000000
0.660000 2.310000

150.000000 0.000000 -350.000000
0.000000 1.000000 0.000000
1.000000 1.000000 1.000000 1.000000
0.990000 2.310000

250.000000 0.000000 -350.000000
0.707107 0.707107 0.000000
1.000000 1.000000 1.000000 1.000000
1.320000 2.310000

250.000000 -150.000000 -350.000000
1.000000 0.000000 -0.000000
1.000000 1.000000 1.000000 1.000000
1.650000 2.310000

0.000000 -150.000000 -400.000000
-1.000000 0.000000 0.000000
1.000000 1.000000 1.000000 1.000000
0.000000 2.640000

0.000000 0.000000 -400.000000
-0.707107 0.707107 0.000000
1.000000 1.000000 1.000000 1.000000
0.330000 2.640000

100.000000 0.000000 -400.000000
0.000000 1.000000 0.000000
1.000000 1.000000 1.000000 1.000000
0.660000 2.640000

150.000000 0.000000 -400.000000
0.000000 1.000000 0.000000
1.000000 1.000000 1.000000 1.000000
0.990000 2.640000

250.000000 0.000000 -400.000000
0.707107 0.707107 0.000000
1.000000 1.000000 1.000000 1.000000
1.320000 2.640000

250.000000 -150.000000 -400.000000
1.000000 0.000000 -0.000000
1.000000 1.000000 1.000000 1.000000
1.650000 2.640000

0.000000 -150.000000 -450.000000
-1.000000 0.000000 0.000000
1.000000 1.000000 1.000000 1.000000
0.000000 2.970000

0.000000 0.000000 -450.000000
-0.707107 0.707107 0.000000
1.000000 1.000000 1.000000 1.000000
0.330000 2.970000

100.000000 0.000000 -450.000000
0.000000 1.000000 0.000000
1.000000 1.000000 1.000000 1.000000
0.660000 2.970000

150.000000 0.000000 -450.000000
0.000000 1.000000 0.000000
1.000000 1.000000 1.000000 1.000000
0.990000 2.970000

250.000000 0.000000 -450.000000
0.707107 0.707107 0.000000
1.000000 1.000000 1.000000 1.000000
1.320000 2.970000

250.000000 -150.000000 -450.000000
1.000000 0.000000 -0.000000
1.000000 1.000000 1.000000 1.000000
1.650000 2.970000

0.000000 -150.000000 -500.000000
-1.000000 0.000000 0.000000
1.000000 1.000000 1.000000 1.000000
0.000000 3.300000

0.000000 0.000000 -500.000000
-0.707107 0.707107 0.000000
1.000000 1.000000 1.000000 1.000000
0.330000 3.300000

100.000000 0.000000 -500.000000
0.000000 1.000000 0.000000
1.000000 1.000000 1.000000 1.000000
0.660000 3.300000

150.000000 0.000000 -500.000000
0.000000 1.000000 0.000000
1.000000 1.000000 1.000000 1.000000
0.990000 3.300000

250.000000 0.000000 -500.000000
0.707107 0.707107 0.000000
1.000000 1.000000 1.000000 1.000000
1.320000 3.300000

250.000000 -150.000000 -500.000000
1.000000 0.000000 -0.000000
1.000000 1.000000 1.000000 1.000000
1.650000 3.300000

0.000000 -150.000000 -550.000000
-1.000000 0.000000 0.000000
1.000000 1.000000 1.000000 1.000000
0.000000 3.630000

0.000000 0.000000 -550.000000
-0.707107 0.707107 0.000000
1.000000 1.000000 1.000000 1.000000
0.330000 3.630000

100.000000 0.000000 -550.000000
0.000000 1.000000 0.000000
1.000000 1.000000 1.000000 1.000000
0.660000 3.630000

150.000000 0.000000 -550.000000
0.000000 1.000000 0.000000
1.000000 1.000000 1.000000 1.000000
0.990000 3.630000

250.000000 0.000000 -550.000000
0.707107 0.707107 0.000000
1.000000 1.000000 1.000000 1.000000
1.320000 3.630000

250.000000 -150.000000 -550.000000
1.000000 0.000000 -0.000000
1.000000 1.000000 1.000000 1.000000
1.650000 3.630000

0.000000 -150.000000 -600.000000
-1.000000 0.000000 0.000000
1.000000 1.000000 1.000000 1.000000
0.000000 3.960000

0.000000 0.000000 -600.000000
-0.707107 0.707107 0.000000
1.000000 1.000000 1.000000 1.000000
0.330000 3.960000

100.000000 0.000000 -600.000000
0.000000 1.000000 0.000000
1.000000 1.000000 1.000000 1.000000
0.660000 3.960000

150.000000 0.000000 -600.000000
0.000000 1.000000 0.000000
1.000000 1.000000 1.000000 1.000000
0.990000 3.960000

250.000000 0.000000 -600.000000
0.707107 0.707107 0.000000
1.000000 1.000000 1.000000 1.000000
1.320000 3.960000

250.000000 -150.000000 -600.000000
1.000000 0.000000 -0.000000
1.000000 1.000000 1.000000 1.000000
1.650000 3.960000

0.000000 -150.000000 -650.000000
-1.000000 0.000000 0.000000
1.000000 1.000000 1.000000 1.000000
0.000000 4.290000

0.000000 0.000000 -650.000000
-0.707107 0.707107 0.000000
1.000000 1.000000 1.000000 1.000000
0.330000 4.290000

100.000000 0.000000 -650.000000
0.000000 1.000000 0.000000
1.000000 1.000000 1.000000 1.000000
0.660000 4.290000

150.000000 0.000000 -650.000000
0.000000 1.000000 0.000000
1.000000 1.000000 1.000000 1.000000
0.990000 4.290000

250.000000 0.000000 -650.000000
0.707107 0.707107 0.000000
1.000000 1.000000 1.000000 1.000000
1.320000 4.290000

250.000000 -150.000000 -650.000000
1.000000 0.000000 -0.000000
1.000000 1.000000 1.000000 1.000000
1.650000 4.290000

0.000000 -150.000000 -700.000000
-1.000000 0.000000 0.000000
1.000000 1.000000 1.000000 1.000000
0.000000 4.620000

0.000000 0.000000 -700.000000
-0.707107 0.707107 0.000000
1.000000 1.000000 1.000000 1.000000
0.330000 4.620000

100.000000 0.000000 -700.000000
0.000000 1.000000 0.000000
1.000000 1.000000 1.000000 1.000000
0.660000 4.620000

150.000000 0.000000 -700.000000
0.000000 1.000000 0.000000
1.000000 1.000000 1.000000 1.000000
0.990000 4.620000

250.000000 0.000000 -700.000000
0.707107 0.707107 0.000000
1.000000 1.000000 1.000000 1.000000
1.320000 4.620000

250.000000 -150.000000 -700.000000
1.000000 0.000000 -0.000000
1.000000 1.000000 1.000000 1.000000
1.650000 4.620000

0.000000 -150.000000 -750.000000
-1.000000 0.000000 0.000000
1.000000 1.000000 1.000000 1.000000
0.000000 4.950000

0.000000 0.000000 -750.000000
-0.707107 0.707107 0.000000
1.000000 1.000000 1.000000 1.000000
0.330000 4.950000

100.000000 0.000000 -750.000000
0.000000 1.000000 0.000000
1.000000 1.000000 1.000000 1.000000
0.660000 4.950000

150.000000 0.000000 -750.000000
0.000000 1.000000 0.000000
1.000000 1.000000 1.000000 1.000000
0.990000 4.950000

250.000000 0.000000 -750.000000
0.707107 0.707107 0.000000
1.000000 1.000000 1.000000 1.000000
1.320000 4.950000

250.000000 -150.000000 -750.000000
1.000000 0.000000 -0.000000
1.000000 1.000000 1.000000 1.000000
1.650000 4.950000

0.000000 -150.000000 -800.000000
-1.000000 0.000000 0.000000
1.000000 1.000000 1.000000 1.000000
0.000000 5.280000

0.000000 0.000000 -800.000000
-0.707107 0.707107 0.000000
1.000000 1.000000 1.000000 1.000000
0.330000 5.280000

100.000000 0.000000 -800.000000
0.000000 1.000000 0.000000
1.000000 1.000000 1.000000 1.000000
0.660000 5.280000

150.000000 0.000000 -800.000000
0.000000 1.000000 0.000000
1.000000 1.000000 1.000000 1.000000
0.990000 5.280000

250.000000 0.000000 -800.000000
0.707107 0.707107 0.000000
1.000000 1.000000 1.000000 1.000000
1.320000 5.280000

250.000000 -150.000000 -800.000000
1.000000 0.000000 -0.000000
1.000000 1.000000 1.000000 1.000000
1.650000 5.280000

0.000000 -150.000000 -850.000000
-1.000000 0.000000 0.000000
1.000000 1.000000 1.000000 1.000000
0.000000 5.610000

0.000000 0.000000 -850.000000
-0.707107 0.707107 0.000000
1.000000 1.000000 1.000000 1.000000
0.330000 5.610000

100.000000 0.000000 -850.000000
0.000000 1.000000 0.000000
1.000000 1.000000 1.000000 1.000000
0.660000 5.610000

150.000000 0.000000 -850.000000
0.000000 1.000000 0.000000
1.000000 1.000000 1.000000 1.000000
0.990000 5.610000

250.000000 0.000000 -850.000000
0.707107 0.707107 0.000000
1.000000 1.000000 1.000000 1.000000
1.320000 5.610000

250.000000 -150.000000 -850.000000
1.000000 0.000000 -0.000000
1.000000 1.000000 1.000000 1.000000
1.650000 5.610000

0.000000 -150.000000 -900.000000
-1.000000 0.000000 0.000000
1.000000 1.000000 1.000000 1.000000
0.000000 5.940000

0.000000 0.000000 -900.000000
-0.707107 0.707107 0.000000
1.000000 1.000000 1.000000 1.000000
0.330000 5.940000

100.000000 0.000000 -900.000000
0.000000 1.000000 0.000000
1.000000 1.000000 1.000000 1.000000
0.660000 5.940000

150.000000 0.000000 -900.000000
0.000000 1.000000 0.000000
1.000000 1.000000 1.000000 1.000000
0.990000 5.940000

250.000000 0.000000 -900.000000
0.707107 0.707107 0.000000
1.000000 1.000000 1.000000 1.000000
1.320000 5.940000

250.000000 -150.000000 -900.000000
1.000000 0.000000 -0.000000
1.000000 1.000000 1.000000 1.000000
1.650000 5.940000

0.000000 -150.000000 -950.000000
-1.000000 0.000000 0.000000
1.000000 1.000000 1.000000 1.000000
0.000000 6.270000

0.000000 0.000000 -950.000000
-0.707107 0.707107 0.000000
1.000000 1.000000 1.000000 1.000000
0.330000 6.270000

100.000000 0.000000 -950.000000
0.000000 1.000000 0.000000
1.000000 1.000000 1.000000 1.000000
0.660000 6.270000

150.000000 0.000000 -950.000000
0.000000 1.000000 0.000000
1.000000 1.000000 1.000000 1.000000
0.990000 6.270000

250.000000 0.000000 -950.000000
0.707107 0.707107 0.000000
1.000000 1.000000 1.000000 1.000000
1.320000 6.270000

250.000000 -150.000000 -950.000000
1.000000 0.000000 -0.000000
1.000000 1.000000 1.000000 1.000000
1.650000 6.270000

0.000000 -150.000000 -1050.000000
-1.000000 0.000000 0.000000
1.000000 1.000000 1.000000 1.000000
0.000000 6.600000

0.000000 0.000000 -1050.000000
-0.666667 0.333333 -0.666667
1.000000 1.000000 1.000000 1.000000
0.330000 6.600000

100.000000 0.000000 -1050.000000
0.000000 0.707107 -0.707107
1.000000 1.000000 1.000000 1.000000
0.660000 6.600000

150.000000 0.000000 -1050.000000
0.000000 0.707107 -0.707107
1.000000 1.000000 1.000000 1.000000
0.990000 6.600000

250.000000 0.000000 -1050.000000
0.577350 0.577350 -0.577350
1.000000 1.000000 1.000000 1.000000
1.320000 6.600000

250.000000 -150.000000 -1000.000000
1.000000 0.000000 -0.000000
1.000000 1.000000 1.000000 1.000000
1.650000 6.600000

0.000000 -150.000000 -1050.000000
0.000000 1.000000 0.000000
1.000000 1.000000 1.000000 1.000000
0.000000 6.930000

0.000000 -150.000000 -1050.000000
0.000000 0.000000 -1.000000
1.000000 1.000000 1.000000 1.000000
0.330000 6.930000

100.000000 -150.000000 -1050.000000
0.000000 0.000000 -1.000000
1.000000 1.000000 1.000000 1.000000
0.660000 6.930000

150.000000 -150.000000 -1050.000000
0.000000 0.000000 -1.000000
1.000000 1.000000 1.000000 1.000000
0.990000 6.930000

200.000000 -150.000000 -1050.000000
0.000000 0.000000 -1.000000
1.000000 1.000000 1.000000 1.000000
1.320000 6.930000

250.000000 -150.000000 -1050.000000
0.707107 0.000000 -0.707107
1.000000 1.000000 1.000000 1.000000
1.650000 6.930000

