121 11 11

100.000000 -250.000000 -100.000000
-1.000000 0.000000 0.000000
1.000000 1.000000 1.000000 1.000000
0.000000 0.000000

100.000000 -250.000000 -100.000000
0.000000 0.000000 1.000000
1.000000 1.000000 1.000000 1.000000
0.330000 0.000000

200.000000 -250.000000 -100.000000
0.000000 0.000000 1.000000
1.000000 1.000000 1.000000 1.000000
0.660000 0.000000

300.000000 -250.000000 -100.000000
0.000000 0.000000 1.000000
1.000000 1.000000 1.000000 1.000000
0.990000 0.000000

400.000000 -250.000000 -100.000000
0.000000 0.000000 1.000000
1.000000 1.000000 1.000000 1.000000
1.320000 0.000000

500.000000 -250.000000 -100.000000
0.000000 0.000000 1.000000
1.000000 1.000000 1.000000 1.000000
1.650000 0.000000

600.000000 -250.000000 -100.000000
0.000000 0.000000 1.000000
1.000000 1.000000 1.000000 1.000000
1.980000 0.000000

700.000000 -250.000000 -100.000000
0.000000 0.000000 1.000000
1.000000 1.000000 1.000000 1.000000
2.310000 0.000000

800.000000 -250.000000 -100.000000
0.000000 0.000000 1.000000
1.000000 1.000000 1.000000 1.000000
2.640000 0.000000

900.000000 -250.000000 -100.000000
0.000000 0.000000 1.000000
1.000000 1.000000 1.000000 1.000000
2.970000 0.000000

900.000000 -250.000000 -0.000000
0.000000 1.000000 0.000000
1.000000 1.000000 1.000000 1.000000
3.300000 0.000000

100.000000 -250.000000 -100.000000
-1.000000 0.000000 0.000000
1.000000 1.000000 1.000000 1.000000
0.000000 0.330000

100.000000 0.000000 -100.000000
-0.408248 0.816497 0.408248
1.000000 1.000000 1.000000 1.000000
0.330000 0.330000

200.000000 0.000000 -100.000000
0.000000 0.707107 0.707107
1.000000 1.000000 1.000000 1.000000
0.660000 0.330000

300.000000 0.000000 -100.000000
0.000000 0.707107 0.707107
1.000000 1.000000 1.000000 1.000000
0.990000 0.330000

400.000000 0.000000 -100.000000
0.000000 0.707107 0.707107
1.000000 1.000000 1.000000 1.000000
1.320000 0.330000

500.000000 0.000000 -100.000000
0.000000 0.707107 0.707107
1.000000 1.000000 1.000000 1.000000
1.650000 0.330000

600.000000 0.000000 -100.000000
0.000000 0.707107 0.707107
1.000000 1.000000 1.000000 1.000000
1.980000 0.330000

700.000000 0.000000 -100.000000
0.000000 0.707107 0.707107
1.000000 1.000000 1.000000 1.000000
2.310000 0.330000

800.000000 0.000000 -100.000000
0.000000 0.707107 0.707107
1.000000 1.000000 1.000000 1.000000
2.640000 0.330000

900.000000 0.000000 -100.000000
0.666667 0.333333 0.666667
1.000000 1.000000 1.000000 1.000000
2.970000 0.330000

900.000000 -250.000000 -100.000000
1.000000 0.000000 0.000000
1.000000 1.000000 1.000000 1.000000
3.300000 0.330000

100.000000 -250.000000 -200.000000
-1.000000 0.000000 0.000000
1.000000 1.000000 1.000000 1.000000
0.000000 0.660000

100.000000 0.000000 -200.000000
-0.707107 0.707107 0.000000
1.000000 1.000000 1.000000 1.000000
0.330000 0.660000

200.000000 0.000000 -200.000000
0.000000 1.000000 0.000000
1.000000 1.000000 1.000000 1.000000
0.660000 0.660000

300.000000 0.000000 -200.000000
0.000000 1.000000 0.000000
1.000000 1.000000 1.000000 1.000000
0.990000 0.660000

400.000000 0.000000 -200.000000
0.000000 1.000000 0.000000
1.000000 1.000000 1.000000 1.000000
1.320000 0.660000

500.000000 0.000000 -200.000000
0.000000 1.000000 0.000000
1.000000 1.000000 1.000000 1.000000
1.650000 0.660000

600.000000 0.000000 -200.000000
0.000000 1.000000 0.000000
1.000000 1.000000 1.000000 1.000000
1.980000 0.660000

700.000000 0.000000 -200.000000
0.000000 1.000000 0.000000
1.000000 1.000000 1.000000 1.000000
2.310000 0.660000

800.000000 0.000000 -200.000000
0.000000 1.000000 0.000000
1.000000 1.000000 1.000000 1.000000
2.640000 0.660000

900.000000 0.000000 -200.000000
0.707107 0.707107 0.000000
1.000000 1.000000 1.000000 1.000000
2.970000 0.660000

900.000000 -250.000000 -200.000000
1.000000 0.000000 -0.000000
1.000000 1.000000 1.000000 1.000000
3.300000 0.660000

100.000000 -250.000000 -300.000000
-1.000000 0.000000 0.000000
1.000000 1.000000 1.000000 1.000000
0.000000 0.990000

100.000000 0.000000 -300.000000
-0.707107 0.707107 0.000000
1.000000 1.000000 1.000000 1.000000
0.330000 0.990000

200.000000 0.000000 -300.000000
0.000000 1.000000 0.000000
1.000000 1.000000 1.000000 1.000000
0.660000 0.990000

300.000000 0.000000 -300.000000
0.000000 1.000000 0.000000
1.000000 1.000000 1.000000 1.000000
0.990000 0.990000

400.000000 0.000000 -300.000000
0.000000 1.000000 0.000000
1.000000 1.000000 1.000000 1.000000
1.320000 0.990000

500.000000 0.000000 -300.000000
0.000000 1.000000 0.000000
1.000000 1.000000 1.000000 1.000000
1.650000 0.990000

600.000000 0.000000 -300.000000
0.000000 1.000000 0.000000
1.000000 1.000000 1.000000 1.000000
1.980000 0.990000

700.000000 0.000000 -300.000000
0.000000 1.000000 0.000000
1.000000 1.000000 1.000000 1.000000
2.310000 0.990000

800.000000 0.000000 -300.000000
0.000000 1.000000 0.000000
1.000000 1.000000 1.000000 1.000000
2.640000 0.990000

900.000000 0.000000 -300.000000
0.707107 0.707107 0.000000
1.000000 1.000000 1.000000 1.000000
2.970000 0.990000

900.000000 -250.000000 -300.000000
1.000000 0.000000 -0.000000
1.000000 1.000000 1.000000 1.000000
3.300000 0.990000

100.000000 -250.000000 -400.000000
-1.000000 0.000000 0.000000
1.000000 1.000000 1.000000 1.000000
0.000000 1.320000

100.000000 0.000000 -400.000000
-0.707107 0.707107 0.000000
1.000000 1.000000 1.000000 1.000000
0.330000 1.320000

200.000000 0.000000 -400.000000
0.000000 1.000000 0.000000
1.000000 1.000000 1.000000 1.000000
0.660000 1.320000

300.000000 0.000000 -400.000000
0.000000 1.000000 0.000000
1.000000 1.000000 1.000000 1.000000
0.990000 1.320000

400.000000 0.000000 -400.000000
0.000000 1.000000 0.000000
1.000000 1.000000 1.000000 1.000000
1.320000 1.320000

500.000000 0.000000 -400.000000
0.000000 1.000000 0.000000
1.000000 1.000000 1.000000 1.000000
1.650000 1.320000

600.000000 0.000000 -400.000000
0.000000 1.000000 0.000000
1.000000 1.000000 1.000000 1.000000
1.980000 1.320000

700.000000 0.000000 -400.000000
0.000000 1.000000 0.000000
1.000000 1.000000 1.000000 1.000000
2.310000 1.320000

800.000000 0.000000 -400.000000
0.000000 1.000000 0.000000
1.000000 1.000000 1.000000 1.000000
2.640000 1.320000

900.000000 0.000000 -400.000000
0.707107 0.707107 0.000000
1.000000 1.000000 1.000000 1.000000
2.970000 1.320000

900.000000 -250.000000 -400.000000
1.000000 0.000000 -0.000000
1.000000 1.000000 1.000000 1.000000
3.300000 1.320000

100.000000 -250.000000 -500.000000
-1.000000 0.000000 0.000000
1.000000 1.000000 1.000000 1.000000
0.000000 1.650000

100.000000 0.000000 -500.000000
-0.707107 0.707107 0.000000
1.000000 1.000000 1.000000 1.000000
0.330000 1.650000

200.000000 0.000000 -500.000000
0.000000 1.000000 0.000000
1.000000 1.000000 1.000000 1.000000
0.660000 1.650000

300.000000 0.000000 -500.000000
0.000000 1.000000 0.000000
1.000000 1.000000 1.000000 1.000000
0.990000 1.650000

400.000000 0.000000 -500.000000
0.000000 1.000000 0.000000
1.000000 1.000000 1.000000 1.000000
1.320000 1.650000

500.000000 0.000000 -500.000000
0.000000 1.000000 0.000000
1.000000 1.000000 1.000000 1.000000
1.650000 1.650000

600.000000 0.000000 -500.000000
0.000000 1.000000 0.000000
1.000000 1.000000 1.000000 1.000000
1.980000 1.650000

700.000000 0.000000 -500.000000
0.000000 1.000000 0.000000
1.000000 1.000000 1.000000 1.000000
2.310000 1.650000

800.000000 0.000000 -500.000000
0.000000 1.000000 0.000000
1.000000 1.000000 1.000000 1.000000
2.640000 1.650000

900.000000 0.000000 -500.000000
0.707107 0.707107 0.000000
1.000000 1.000000 1.000000 1.000000
2.970000 1.650000

900.000000 -250.000000 -500.000000
1.000000 0.000000 -0.000000
1.000000 1.000000 1.000000 1.000000
3.300000 1.650000

100.000000 -250.000000 -600.000000
-1.000000 0.000000 0.000000
1.000000 1.000000 1.000000 1.000000
0.000000 1.980000

100.000000 0.000000 -600.000000
-0.707107 0.707107 0.000000
1.000000 1.000000 1.000000 1.000000
0.330000 1.980000

200.000000 0.000000 -600.000000
0.000000 1.000000 0.000000
1.000000 1.000000 1.000000 1.000000
0.660000 1.980000

300.000000 0.000000 -600.000000
0.000000 1.000000 0.000000
1.000000 1.000000 1.000000 1.000000
0.990000 1.980000

400.000000 0.000000 -600.000000
0.000000 1.000000 0.000000
1.000000 1.000000 1.000000 1.000000
1.320000 1.980000

500.000000 0.000000 -600.000000
0.000000 1.000000 0.000000
1.000000 1.000000 1.000000 1.000000
1.650000 1.980000

600.000000 0.000000 -600.000000
0.000000 1.000000 0.000000
1.000000 1.000000 1.000000 1.000000
1.980000 1.980000

700.000000 0.000000 -600.000000
0.000000 1.000000 0.000000
1.000000 1.000000 1.000000 1.000000
2.310000 1.980000

800.000000 0.000000 -600.000000
0.000000 1.000000 0.000000
1.000000 1.000000 1.000000 1.000000
2.640000 1.980000

900.000000 0.000000 -600.000000
0.707107 0.707107 0.000000
1.000000 1.000000 1.000000 1.000000
2.970000 1.980000

900.000000 -250.000000 -600.000000
1.000000 0.000000 -0.000000
1.000000 1.000000 1.000000 1.000000
3.300000 1.980000

100.000000 -250.000000 -700.000000
-1.000000 0.000000 0.000000
1.000000 1.000000 1.000000 1.000000
0.000000 2.310000

100.000000 0.000000 -700.000000
-0.707107 0.707107 0.000000
1.000000 1.000000 1.000000 1.000000
0.330000 2.310000

200.000000 0.000000 -700.000000
0.000000 1.000000 0.000000
1.000000 1.000000 1.000000 1.000000
0.660000 2.310000

300.000000 0.000000 -700.000000
0.000000 1.000000 0.000000
1.000000 1.000000 1.000000 1.000000
0.990000 2.310000

400.000000 0.000000 -700.000000
0.000000 1.000000 0.000000
1.000000 1.000000 1.000000 1.000000
1.320000 2.310000

500.000000 0.000000 -700.000000
0.000000 1.000000 0.000000
1.000000 1.000000 1.000000 1.000000
1.650000 2.310000

600.000000 0.000000 -700.000000
0.000000 1.000000 0.000000
1.000000 1.000000 1.000000 1.000000
1.980000 2.310000

700.000000 0.000000 -700.000000
0.000000 1.000000 0.000000
1.000000 1.000000 1.000000 1.000000
2.310000 2.310000

800.000000 0.000000 -700.000000
0.000000 1.000000 0.000000
1.000000 1.000000 1.000000 1.000000
2.640000 2.310000

900.000000 0.000000 -700.000000
0.707107 0.707107 0.000000
1.000000 1.000000 1.000000 1.000000
2.970000 2.310000

900.000000 -250.000000 -700.000000
1.000000 0.000000 -0.000000
1.000000 1.000000 1.000000 1.000000
3.300000 2.310000

100.000000 -250.000000 -800.000000
-1.000000 0.000000 0.000000
1.000000 1.000000 1.000000 1.000000
0.000000 2.640000

100.000000 0.000000 -800.000000
-0.707107 0.707107 0.000000
1.000000 1.000000 1.000000 1.000000
0.330000 2.640000

200.000000 0.000000 -800.000000
0.000000 1.000000 0.000000
1.000000 1.000000 1.000000 1.000000
0.660000 2.640000

300.000000 0.000000 -800.000000
0.000000 1.000000 0.000000
1.000000 1.000000 1.000000 1.000000
0.990000 2.640000

400.000000 0.000000 -800.000000
0.000000 1.000000 0.000000
1.000000 1.000000 1.000000 1.000000
1.320000 2.640000

500.000000 0.000000 -800.000000
0.000000 1.000000 0.000000
1.000000 1.000000 1.000000 1.000000
1.650000 2.640000

600.000000 0.000000 -800.000000
0.000000 1.000000 0.000000
1.000000 1.000000 1.000000 1.000000
1.980000 2.640000

700.000000 0.000000 -800.000000
0.000000 1.000000 0.000000
1.000000 1.000000 1.000000 1.000000
2.310000 2.640000

800.000000 0.000000 -800.000000
0.000000 1.000000 0.000000
1.000000 1.000000 1.000000 1.000000
2.640000 2.640000

900.000000 0.000000 -800.000000
0.707107 0.707107 0.000000
1.000000 1.000000 1.000000 1.000000
2.970000 2.640000

900.000000 -250.000000 -800.000000
1.000000 0.000000 -0.000000
1.000000 1.000000 1.000000 1.000000
3.300000 2.640000

100.000000 -250.000000 -900.000000
-1.000000 0.000000 0.000000
1.000000 1.000000 1.000000 1.000000
0.000000 2.970000

100.000000 0.000000 -900.000000
-0.666667 0.333333 -0.666667
1.000000 1.000000 1.000000 1.000000
0.330000 2.970000

200.000000 0.000000 -900.000000
0.000000 0.707107 -0.707107
1.000000 1.000000 1.000000 1.000000
0.660000 2.970000

300.000000 0.000000 -900.000000
0.000000 0.707107 -0.707107
1.000000 1.000000 1.000000 1.000000
0.990000 2.970000

400.000000 0.000000 -900.000000
0.000000 0.707107 -0.707107
1.000000 1.000000 1.000000 1.000000
1.320000 2.970000

500.000000 0.000000 -900.000000
0.000000 0.707107 -0.707107
1.000000 1.000000 1.000000 1.000000
1.650000 2.970000

600.000000 0.000000 -900.000000
0.000000 0.707107 -0.707107
1.000000 1.000000 1.000000 1.000000
1.980000 2.970000

700.000000 0.000000 -900.000000
0.000000 0.707107 -0.707107
1.000000 1.000000 1.000000 1.000000
2.310000 2.970000

800.000000 0.000000 -900.000000
0.000000 0.707107 -0.707107
1.000000 1.000000 1.000000 1.000000
2.640000 2.970000

900.000000 0.000000 -900.000000
0.408248 0.816497 -0.408248
1.000000 1.000000 1.000000 1.000000
2.970000 2.970000

900.000000 -250.000000 -900.000000
1.000000 0.000000 0.000000
1.000000 1.000000 1.000000 1.000000
3.300000 2.970000

100.000000 -250.000000 -1000.000000
0.000000 1.000000 0.000000
1.000000 1.000000 1.000000 1.000000
0.000000 3.300000

100.000000 -250.000000 -900.000000
0.000000 0.000000 -1.000000
1.000000 1.000000 1.000000 1.000000
0.330000 3.300000

200.000000 -250.000000 -900.000000
0.000000 0.000000 -1.000000
1.000000 1.000000 1.000000 1.000000
0.660000 3.300000

300.000000 -250.000000 -900.000000
0.000000 0.000000 -1.000000
1.000000 1.000000 1.000000 1.000000
0.990000 3.300000

400.000000 -250.000000 -900.000000
0.000000 0.000000 -1.000000
1.000000 1.000000 1.000000 1.000000
1.320000 3.300000

500.000000 -250.000000 -900.000000
0.000000 0.000000 -1.000000
1.000000 1.000000 1.000000 1.000000
1.650000 3.300000

600.000000 -250.000000 -900.000000
0.000000 0.000000 -1.000000
1.000000 1.000000 1.000000 1.000000
1.980000 3.300000

700.000000 -250.000000 -900.000000
0.000000 0.000000 -1.000000
1.000000 1.000000 1.000000 1.000000
2.310000 3.300000

800.000000 -250.000000 -900.000000
0.000000 0.000000 -1.000000
1.000000 1.000000 1.000000 1.000000
2.640000 3.300000

900.000000 -250.000000 -900.000000
0.000000 0.000000 -1.000000
1.000000 1.000000 1.000000 1.000000
2.970000 3.300000

900.000000 -250.000000 -900.000000
0.000000 0.000000 -1.000000
1.000000 1.000000 1.000000 1.000000
3.300000 3.300000

