234 13 18

0.000000 -300.000000 -50.000000
-1.000000 0.000000 0.000000
1.000000 1.000000 1.000000 1.000000
0.000000 0.000000

0.000000 -300.000000 -50.000000
0.000000 0.000000 1.000000
1.000000 1.000000 1.000000 1.000000
0.330000 0.000000

100.000000 -300.000000 -50.000000
0.000000 0.000000 1.000000
1.000000 1.000000 1.000000 1.000000
0.660000 0.000000

150.000000 -300.000000 -50.000000
0.000000 0.000000 1.000000
1.000000 1.000000 1.000000 1.000000
0.990000 0.000000

200.000000 -300.000000 -50.000000
0.000000 0.000000 1.000000
1.000000 1.000000 1.000000 1.000000
1.320000 0.000000

250.000000 -300.000000 -50.000000
0.000000 0.000000 1.000000
1.000000 1.000000 1.000000 1.000000
1.650000 0.000000

300.000000 -300.000000 -50.000000
0.000000 0.000000 1.000000
1.000000 1.000000 1.000000 1.000000
1.980000 0.000000

350.000000 -300.000000 -50.000000
0.000000 0.000000 1.000000
1.000000 1.000000 1.000000 1.000000
2.310000 0.000000

400.000000 -300.000000 -50.000000
0.000000 0.000000 1.000000
1.000000 1.000000 1.000000 1.000000
2.640000 0.000000

450.000000 -300.000000 -50.000000
0.000000 0.000000 1.000000
1.000000 1.000000 1.000000 1.000000
2.970000 0.000000

500.000000 -300.000000 -50.000000
0.000000 0.000000 1.000000
1.000000 1.000000 1.000000 1.000000
3.300000 0.000000

550.000000 -300.000000 -50.000000
0.000000 0.000000 1.000000
1.000000 1.000000 1.000000 1.000000
3.630000 0.000000

600.000000 -300.000000 -50.000000
0.000000 0.000000 1.000000
1.000000 1.000000 1.000000 1.000000
3.960000 0.000000

650.000000 -300.000000 -50.000000
0.000000 0.000000 1.000000
1.000000 1.000000 1.000000 1.000000
4.290000 0.000000

700.000000 -300.000000 -50.000000
0.000000 0.000000 1.000000
1.000000 1.000000 1.000000 1.000000
4.620000 0.000000

750.000000 -300.000000 -50.000000
0.000000 0.000000 1.000000
1.000000 1.000000 1.000000 1.000000
4.950000 0.000000

850.000000 -300.000000 -50.000000
0.000000 0.000000 1.000000
1.000000 1.000000 1.000000 1.000000
5.280000 0.000000

850.000000 -300.000000 -0.000000
0.000000 1.000000 0.000000
1.000000 1.000000 1.000000 1.000000
5.610000 0.000000

0.000000 -300.000000 -50.000000
-1.000000 0.000000 0.000000
1.000000 1.000000 1.000000 1.000000
0.000000 0.330000

0.000000 0.000000 -50.000000
-0.408248 0.816497 0.408248
1.000000 1.000000 1.000000 1.000000
0.330000 0.330000

100.000000 0.000000 -50.000000
0.000000 0.707107 0.707107
1.000000 1.000000 1.000000 1.000000
0.660000 0.330000

150.000000 0.000000 -50.000000
0.000000 0.707107 0.707107
1.000000 1.000000 1.000000 1.000000
0.990000 0.330000

200.000000 0.000000 -50.000000
0.000000 0.707107 0.707107
1.000000 1.000000 1.000000 1.000000
1.320000 0.330000

250.000000 0.000000 -50.000000
0.000000 0.707107 0.707107
1.000000 1.000000 1.000000 1.000000
1.650000 0.330000

300.000000 0.000000 -50.000000
0.000000 0.707107 0.707107
1.000000 1.000000 1.000000 1.000000
1.980000 0.330000

350.000000 0.000000 -50.000000
0.000000 0.707107 0.707107
1.000000 1.000000 1.000000 1.000000
2.310000 0.330000

400.000000 0.000000 -50.000000
0.000000 0.707107 0.707107
1.000000 1.000000 1.000000 1.000000
2.640000 0.330000

450.000000 0.000000 -50.000000
0.000000 0.707107 0.707107
1.000000 1.000000 1.000000 1.000000
2.970000 0.330000

500.000000 0.000000 -50.000000
0.000000 0.707107 0.707107
1.000000 1.000000 1.000000 1.000000
3.300000 0.330000

550.000000 0.000000 -50.000000
0.000000 0.707107 0.707107
1.000000 1.000000 1.000000 1.000000
3.630000 0.330000

600.000000 0.000000 -50.000000
0.000000 0.707107 0.707107
1.000000 1.000000 1.000000 1.000000
3.960000 0.330000

650.000000 0.000000 -50.000000
0.000000 0.707107 0.707107
1.000000 1.000000 1.000000 1.000000
4.290000 0.330000

700.000000 0.000000 -50.000000
0.000000 0.707107 0.707107
1.000000 1.000000 1.000000 1.000000
4.620000 0.330000

750.000000 0.000000 -50.000000
0.000000 0.707107 0.707107
1.000000 1.000000 1.000000 1.000000
4.950000 0.330000

850.000000 0.000000 -50.000000
0.666667 0.333333 0.666667
1.000000 1.000000 1.000000 1.000000
5.280000 0.330000

850.000000 -300.000000 -50.000000
1.000000 0.000000 0.000000
1.000000 1.000000 1.000000 1.000000
5.610000 0.330000

0.000000 -300.000000 -100.000000
-1.000000 0.000000 0.000000
1.000000 1.000000 1.000000 1.000000
0.000000 0.660000

0.000000 0.000000 -100.000000
-0.707107 0.707107 0.000000
1.000000 1.000000 1.000000 1.000000
0.330000 0.660000

100.000000 0.000000 -100.000000
0.000000 1.000000 0.000000
1.000000 1.000000 1.000000 1.000000
0.660000 0.660000

150.000000 0.000000 -100.000000
0.000000 1.000000 0.000000
1.000000 1.000000 1.000000 1.000000
0.990000 0.660000

200.000000 0.000000 -100.000000
0.000000 1.000000 0.000000
1.000000 1.000000 1.000000 1.000000
1.320000 0.660000

250.000000 0.000000 -100.000000
0.000000 1.000000 0.000000
1.000000 1.000000 1.000000 1.000000
1.650000 0.660000

300.000000 0.000000 -100.000000
0.000000 1.000000 0.000000
1.000000 1.000000 1.000000 1.000000
1.980000 0.660000

350.000000 0.000000 -100.000000
0.000000 1.000000 0.000000
1.000000 1.000000 1.000000 1.000000
2.310000 0.660000

400.000000 0.000000 -100.000000
0.000000 1.000000 0.000000
1.000000 1.000000 1.000000 1.000000
2.640000 0.660000

450.000000 0.000000 -100.000000
0.000000 1.000000 0.000000
1.000000 1.000000 1.000000 1.000000
2.970000 0.660000

500.000000 0.000000 -100.000000
0.000000 1.000000 0.000000
1.000000 1.000000 1.000000 1.000000
3.300000 0.660000

550.000000 0.000000 -100.000000
0.000000 1.000000 0.000000
1.000000 1.000000 1.000000 1.000000
3.630000 0.660000

600.000000 0.000000 -100.000000
0.000000 1.000000 0.000000
1.000000 1.000000 1.000000 1.000000
3.960000 0.660000

650.000000 0.000000 -100.000000
0.000000 1.000000 0.000000
1.000000 1.000000 1.000000 1.000000
4.290000 0.660000

700.000000 0.000000 -100.000000
0.000000 1.000000 0.000000
1.000000 1.000000 1.000000 1.000000
4.620000 0.660000

750.000000 0.000000 -100.000000
0.000000 1.000000 0.000000
1.000000 1.000000 1.000000 1.000000
4.950000 0.660000

850.000000 0.000000 -100.000000
0.707107 0.707107 0.000000
1.000000 1.000000 1.000000 1.000000
5.280000 0.660000

850.000000 -300.000000 -100.000000
1.000000 0.000000 -0.000000
1.000000 1.000000 1.000000 1.000000
5.610000 0.660000

0.000000 -300.000000 -150.000000
-1.000000 0.000000 0.000000
1.000000 1.000000 1.000000 1.000000
0.000000 0.990000

0.000000 0.000000 -150.000000
-0.707107 0.707107 0.000000
1.000000 1.000000 1.000000 1.000000
0.330000 0.990000

100.000000 0.000000 -150.000000
0.000000 1.000000 0.000000
1.000000 1.000000 1.000000 1.000000
0.660000 0.990000

150.000000 0.000000 -150.000000
0.000000 1.000000 0.000000
1.000000 1.000000 1.000000 1.000000
0.990000 0.990000

200.000000 0.000000 -150.000000
0.000000 1.000000 0.000000
1.000000 1.000000 1.000000 1.000000
1.320000 0.990000

250.000000 0.000000 -150.000000
0.000000 1.000000 0.000000
1.000000 1.000000 1.000000 1.000000
1.650000 0.990000

300.000000 0.000000 -150.000000
0.000000 1.000000 0.000000
1.000000 1.000000 1.000000 1.000000
1.980000 0.990000

350.000000 0.000000 -150.000000
0.000000 1.000000 0.000000
1.000000 1.000000 1.000000 1.000000
2.310000 0.990000

400.000000 0.000000 -150.000000
0.000000 1.000000 0.000000
1.000000 1.000000 1.000000 1.000000
2.640000 0.990000

450.000000 0.000000 -150.000000
0.000000 1.000000 0.000000
1.000000 1.000000 1.000000 1.000000
2.970000 0.990000

500.000000 0.000000 -150.000000
0.000000 1.000000 0.000000
1.000000 1.000000 1.000000 1.000000
3.300000 0.990000

550.000000 0.000000 -150.000000
0.000000 1.000000 0.000000
1.000000 1.000000 1.000000 1.000000
3.630000 0.990000

600.000000 0.000000 -150.000000
0.000000 1.000000 0.000000
1.000000 1.000000 1.000000 1.000000
3.960000 0.990000

650.000000 0.000000 -150.000000
0.000000 1.000000 0.000000
1.000000 1.000000 1.000000 1.000000
4.290000 0.990000

700.000000 0.000000 -150.000000
0.000000 1.000000 0.000000
1.000000 1.000000 1.000000 1.000000
4.620000 0.990000

750.000000 0.000000 -150.000000
0.000000 1.000000 0.000000
1.000000 1.000000 1.000000 1.000000
4.950000 0.990000

850.000000 0.000000 -150.000000
0.707107 0.707107 0.000000
1.000000 1.000000 1.000000 1.000000
5.280000 0.990000

850.000000 -300.000000 -150.000000
1.000000 0.000000 -0.000000
1.000000 1.000000 1.000000 1.000000
5.610000 0.990000

0.000000 -300.000000 -200.000000
-1.000000 0.000000 0.000000
1.000000 1.000000 1.000000 1.000000
0.000000 1.320000

0.000000 0.000000 -200.000000
-0.707107 0.707107 0.000000
1.000000 1.000000 1.000000 1.000000
0.330000 1.320000

100.000000 0.000000 -200.000000
0.000000 1.000000 0.000000
1.000000 1.000000 1.000000 1.000000
0.660000 1.320000

150.000000 0.000000 -200.000000
0.000000 1.000000 0.000000
1.000000 1.000000 1.000000 1.000000
0.990000 1.320000

200.000000 0.000000 -200.000000
0.000000 1.000000 0.000000
1.000000 1.000000 1.000000 1.000000
1.320000 1.320000

250.000000 0.000000 -200.000000
0.000000 1.000000 0.000000
1.000000 1.000000 1.000000 1.000000
1.650000 1.320000

300.000000 0.000000 -200.000000
0.000000 1.000000 0.000000
1.000000 1.000000 1.000000 1.000000
1.980000 1.320000

350.000000 0.000000 -200.000000
0.000000 1.000000 0.000000
1.000000 1.000000 1.000000 1.000000
2.310000 1.320000

400.000000 0.000000 -200.000000
0.000000 1.000000 0.000000
1.000000 1.000000 1.000000 1.000000
2.640000 1.320000

450.000000 0.000000 -200.000000
0.000000 1.000000 0.000000
1.000000 1.000000 1.000000 1.000000
2.970000 1.320000

500.000000 0.000000 -200.000000
0.000000 1.000000 0.000000
1.000000 1.000000 1.000000 1.000000
3.300000 1.320000

550.000000 0.000000 -200.000000
0.000000 1.000000 0.000000
1.000000 1.000000 1.000000 1.000000
3.630000 1.320000

600.000000 0.000000 -200.000000
0.000000 1.000000 0.000000
1.000000 1.000000 1.000000 1.000000
3.960000 1.320000

650.000000 0.000000 -200.000000
0.000000 1.000000 0.000000
1.000000 1.000000 1.000000 1.000000
4.290000 1.320000

700.000000 0.000000 -200.000000
0.000000 1.000000 0.000000
1.000000 1.000000 1.000000 1.000000
4.620000 1.320000

750.000000 0.000000 -200.000000
0.000000 1.000000 0.000000
1.000000 1.000000 1.000000 1.000000
4.950000 1.320000

850.000000 0.000000 -200.000000
0.707107 0.707107 0.000000
1.000000 1.000000 1.000000 1.000000
5.280000 1.320000

850.000000 -300.000000 -200.000000
1.000000 0.000000 -0.000000
1.000000 1.000000 1.000000 1.000000
5.610000 1.320000

0.000000 -300.000000 -250.000000
-1.000000 0.000000 0.000000
1.000000 1.000000 1.000000 1.000000
0.000000 1.650000

0.000000 0.000000 -250.000000
-0.707107 0.707107 0.000000
1.000000 1.000000 1.000000 1.000000
0.330000 1.650000

100.000000 0.000000 -250.000000
0.000000 1.000000 0.000000
1.000000 1.000000 1.000000 1.000000
0.660000 1.650000

150.000000 0.000000 -250.000000
0.000000 1.000000 0.000000
1.000000 1.000000 1.000000 1.000000
0.990000 1.650000

200.000000 0.000000 -250.000000
0.000000 1.000000 0.000000
1.000000 1.000000 1.000000 1.000000
1.320000 1.650000

250.000000 0.000000 -250.000000
0.000000 1.000000 0.000000
1.000000 1.000000 1.000000 1.000000
1.650000 1.650000

300.000000 0.000000 -250.000000
0.000000 1.000000 0.000000
1.000000 1.000000 1.000000 1.000000
1.980000 1.650000

350.000000 0.000000 -250.000000
0.000000 1.000000 0.000000
1.000000 1.000000 1.000000 1.000000
2.310000 1.650000

400.000000 0.000000 -250.000000
0.000000 1.000000 0.000000
1.000000 1.000000 1.000000 1.000000
2.640000 1.650000

450.000000 0.000000 -250.000000
0.000000 1.000000 0.000000
1.000000 1.000000 1.000000 1.000000
2.970000 1.650000

500.000000 0.000000 -250.000000
0.000000 1.000000 0.000000
1.000000 1.000000 1.000000 1.000000
3.300000 1.650000

550.000000 0.000000 -250.000000
0.000000 1.000000 0.000000
1.000000 1.000000 1.000000 1.000000
3.630000 1.650000

600.000000 0.000000 -250.000000
0.000000 1.000000 0.000000
1.000000 1.000000 1.000000 1.000000
3.960000 1.650000

650.000000 0.000000 -250.000000
0.000000 1.000000 0.000000
1.000000 1.000000 1.000000 1.000000
4.290000 1.650000

700.000000 0.000000 -250.000000
0.000000 1.000000 0.000000
1.000000 1.000000 1.000000 1.000000
4.620000 1.650000

750.000000 0.000000 -250.000000
0.000000 1.000000 0.000000
1.000000 1.000000 1.000000 1.000000
4.950000 1.650000

850.000000 0.000000 -250.000000
0.707107 0.707107 0.000000
1.000000 1.000000 1.000000 1.000000
5.280000 1.650000

850.000000 -300.000000 -250.000000
1.000000 0.000000 -0.000000
1.000000 1.000000 1.000000 1.000000
5.610000 1.650000

0.000000 -300.000000 -300.000000
-1.000000 0.000000 0.000000
1.000000 1.000000 1.000000 1.000000
0.000000 1.980000

0.000000 0.000000 -300.000000
-0.707107 0.707107 0.000000
1.000000 1.000000 1.000000 1.000000
0.330000 1.980000

100.000000 0.000000 -300.000000
0.000000 1.000000 0.000000
1.000000 1.000000 1.000000 1.000000
0.660000 1.980000

150.000000 0.000000 -300.000000
0.000000 1.000000 0.000000
1.000000 1.000000 1.000000 1.000000
0.990000 1.980000

200.000000 0.000000 -300.000000
0.000000 1.000000 0.000000
1.000000 1.000000 1.000000 1.000000
1.320000 1.980000

250.000000 0.000000 -300.000000
0.000000 1.000000 0.000000
1.000000 1.000000 1.000000 1.000000
1.650000 1.980000

300.000000 0.000000 -300.000000
0.000000 1.000000 0.000000
1.000000 1.000000 1.000000 1.000000
1.980000 1.980000

350.000000 0.000000 -300.000000
0.000000 1.000000 0.000000
1.000000 1.000000 1.000000 1.000000
2.310000 1.980000

400.000000 0.000000 -300.000000
0.000000 1.000000 0.000000
1.000000 1.000000 1.000000 1.000000
2.640000 1.980000

450.000000 0.000000 -300.000000
0.000000 1.000000 0.000000
1.000000 1.000000 1.000000 1.000000
2.970000 1.980000

500.000000 0.000000 -300.000000
0.000000 1.000000 0.000000
1.000000 1.000000 1.000000 1.000000
3.300000 1.980000

550.000000 0.000000 -300.000000
0.000000 1.000000 0.000000
1.000000 1.000000 1.000000 1.000000
3.630000 1.980000

600.000000 0.000000 -300.000000
0.000000 1.000000 0.000000
1.000000 1.000000 1.000000 1.000000
3.960000 1.980000

650.000000 0.000000 -300.000000
0.000000 1.000000 0.000000
1.000000 1.000000 1.000000 1.000000
4.290000 1.980000

700.000000 0.000000 -300.000000
0.000000 1.000000 0.000000
1.000000 1.000000 1.000000 1.000000
4.620000 1.980000

750.000000 0.000000 -300.000000
0.000000 1.000000 0.000000
1.000000 1.000000 1.000000 1.000000
4.950000 1.980000

850.000000 0.000000 -300.000000
0.707107 0.707107 0.000000
1.000000 1.000000 1.000000 1.000000
5.280000 1.980000

850.000000 -300.000000 -300.000000
1.000000 0.000000 -0.000000
1.000000 1.000000 1.000000 1.000000
5.610000 1.980000

0.000000 -300.000000 -350.000000
-1.000000 0.000000 0.000000
1.000000 1.000000 1.000000 1.000000
0.000000 2.310000

0.000000 0.000000 -350.000000
-0.707107 0.707107 0.000000
1.000000 1.000000 1.000000 1.000000
0.330000 2.310000

100.000000 0.000000 -350.000000
0.000000 1.000000 0.000000
1.000000 1.000000 1.000000 1.000000
0.660000 2.310000

150.000000 0.000000 -350.000000
0.000000 1.000000 0.000000
1.000000 1.000000 1.000000 1.000000
0.990000 2.310000

200.000000 0.000000 -350.000000
0.000000 1.000000 0.000000
1.000000 1.000000 1.000000 1.000000
1.320000 2.310000

250.000000 0.000000 -350.000000
0.000000 1.000000 0.000000
1.000000 1.000000 1.000000 1.000000
1.650000 2.310000

300.000000 0.000000 -350.000000
0.000000 1.000000 0.000000
1.000000 1.000000 1.000000 1.000000
1.980000 2.310000

350.000000 0.000000 -350.000000
0.000000 1.000000 0.000000
1.000000 1.000000 1.000000 1.000000
2.310000 2.310000

400.000000 0.000000 -350.000000
0.000000 1.000000 0.000000
1.000000 1.000000 1.000000 1.000000
2.640000 2.310000

450.000000 0.000000 -350.000000
0.000000 1.000000 0.000000
1.000000 1.000000 1.000000 1.000000
2.970000 2.310000

500.000000 0.000000 -350.000000
0.000000 1.000000 0.000000
1.000000 1.000000 1.000000 1.000000
3.300000 2.310000

550.000000 0.000000 -350.000000
0.000000 1.000000 0.000000
1.000000 1.000000 1.000000 1.000000
3.630000 2.310000

600.000000 0.000000 -350.000000
0.000000 1.000000 0.000000
1.000000 1.000000 1.000000 1.000000
3.960000 2.310000

650.000000 0.000000 -350.000000
0.000000 1.000000 0.000000
1.000000 1.000000 1.000000 1.000000
4.290000 2.310000

700.000000 0.000000 -350.000000
0.000000 1.000000 0.000000
1.000000 1.000000 1.000000 1.000000
4.620000 2.310000

750.000000 0.000000 -350.000000
0.000000 1.000000 0.000000
1.000000 1.000000 1.000000 1.000000
4.950000 2.310000

850.000000 0.000000 -350.000000
0.707107 0.707107 0.000000
1.000000 1.000000 1.000000 1.000000
5.280000 2.310000

850.000000 -300.000000 -350.000000
1.000000 0.000000 -0.000000
1.000000 1.000000 1.000000 1.000000
5.610000 2.310000

0.000000 -300.000000 -400.000000
-1.000000 0.000000 0.000000
1.000000 1.000000 1.000000 1.000000
0.000000 2.640000

0.000000 0.000000 -400.000000
-0.707107 0.707107 0.000000
1.000000 1.000000 1.000000 1.000000
0.330000 2.640000

100.000000 0.000000 -400.000000
0.000000 1.000000 0.000000
1.000000 1.000000 1.000000 1.000000
0.660000 2.640000

150.000000 0.000000 -400.000000
0.000000 1.000000 0.000000
1.000000 1.000000 1.000000 1.000000
0.990000 2.640000

200.000000 0.000000 -400.000000
0.000000 1.000000 0.000000
1.000000 1.000000 1.000000 1.000000
1.320000 2.640000

250.000000 0.000000 -400.000000
0.000000 1.000000 0.000000
1.000000 1.000000 1.000000 1.000000
1.650000 2.640000

300.000000 0.000000 -400.000000
0.000000 1.000000 0.000000
1.000000 1.000000 1.000000 1.000000
1.980000 2.640000

350.000000 0.000000 -400.000000
0.000000 1.000000 0.000000
1.000000 1.000000 1.000000 1.000000
2.310000 2.640000

400.000000 0.000000 -400.000000
0.000000 1.000000 0.000000
1.000000 1.000000 1.000000 1.000000
2.640000 2.640000

450.000000 0.000000 -400.000000
0.000000 1.000000 0.000000
1.000000 1.000000 1.000000 1.000000
2.970000 2.640000

500.000000 0.000000 -400.000000
0.000000 1.000000 0.000000
1.000000 1.000000 1.000000 1.000000
3.300000 2.640000

550.000000 0.000000 -400.000000
0.000000 1.000000 0.000000
1.000000 1.000000 1.000000 1.000000
3.630000 2.640000

600.000000 0.000000 -400.000000
0.000000 1.000000 0.000000
1.000000 1.000000 1.000000 1.000000
3.960000 2.640000

650.000000 0.000000 -400.000000
0.000000 1.000000 0.000000
1.000000 1.000000 1.000000 1.000000
4.290000 2.640000

700.000000 0.000000 -400.000000
0.000000 1.000000 0.000000
1.000000 1.000000 1.000000 1.000000
4.620000 2.640000

750.000000 0.000000 -400.000000
0.000000 1.000000 0.000000
1.000000 1.000000 1.000000 1.000000
4.950000 2.640000

850.000000 0.000000 -400.000000
0.707107 0.707107 0.000000
1.000000 1.000000 1.000000 1.000000
5.280000 2.640000

850.000000 -300.000000 -400.000000
1.000000 0.000000 -0.000000
1.000000 1.000000 1.000000 1.000000
5.610000 2.640000

0.000000 -300.000000 -450.000000
-1.000000 0.000000 0.000000
1.000000 1.000000 1.000000 1.000000
0.000000 2.970000

0.000000 0.000000 -450.000000
-0.707107 0.707107 0.000000
1.000000 1.000000 1.000000 1.000000
0.330000 2.970000

100.000000 0.000000 -450.000000
0.000000 1.000000 0.000000
1.000000 1.000000 1.000000 1.000000
0.660000 2.970000

150.000000 0.000000 -450.000000
0.000000 1.000000 0.000000
1.000000 1.000000 1.000000 1.000000
0.990000 2.970000

200.000000 0.000000 -450.000000
0.000000 1.000000 0.000000
1.000000 1.000000 1.000000 1.000000
1.320000 2.970000

250.000000 0.000000 -450.000000
0.000000 1.000000 0.000000
1.000000 1.000000 1.000000 1.000000
1.650000 2.970000

300.000000 0.000000 -450.000000
0.000000 1.000000 0.000000
1.000000 1.000000 1.000000 1.000000
1.980000 2.970000

350.000000 0.000000 -450.000000
0.000000 1.000000 0.000000
1.000000 1.000000 1.000000 1.000000
2.310000 2.970000

400.000000 0.000000 -450.000000
0.000000 1.000000 0.000000
1.000000 1.000000 1.000000 1.000000
2.640000 2.970000

450.000000 0.000000 -450.000000
0.000000 1.000000 0.000000
1.000000 1.000000 1.000000 1.000000
2.970000 2.970000

500.000000 0.000000 -450.000000
0.000000 1.000000 0.000000
1.000000 1.000000 1.000000 1.000000
3.300000 2.970000

550.000000 0.000000 -450.000000
0.000000 1.000000 0.000000
1.000000 1.000000 1.000000 1.000000
3.630000 2.970000

600.000000 0.000000 -450.000000
0.000000 1.000000 0.000000
1.000000 1.000000 1.000000 1.000000
3.960000 2.970000

650.000000 0.000000 -450.000000
0.000000 1.000000 0.000000
1.000000 1.000000 1.000000 1.000000
4.290000 2.970000

700.000000 0.000000 -450.000000
0.000000 1.000000 0.000000
1.000000 1.000000 1.000000 1.000000
4.620000 2.970000

750.000000 0.000000 -450.000000
0.000000 1.000000 0.000000
1.000000 1.000000 1.000000 1.000000
4.950000 2.970000

850.000000 0.000000 -450.000000
0.707107 0.707107 0.000000
1.000000 1.000000 1.000000 1.000000
5.280000 2.970000

850.000000 -300.000000 -450.000000
1.000000 0.000000 -0.000000
1.000000 1.000000 1.000000 1.000000
5.610000 2.970000

0.000000 -300.000000 -500.000000
-1.000000 0.000000 0.000000
1.000000 1.000000 1.000000 1.000000
0.000000 3.300000

0.000000 0.000000 -500.000000
-0.707107 0.707107 0.000000
1.000000 1.000000 1.000000 1.000000
0.330000 3.300000

100.000000 0.000000 -500.000000
0.000000 1.000000 0.000000
1.000000 1.000000 1.000000 1.000000
0.660000 3.300000

150.000000 0.000000 -500.000000
0.000000 1.000000 0.000000
1.000000 1.000000 1.000000 1.000000
0.990000 3.300000

200.000000 0.000000 -500.000000
0.000000 1.000000 0.000000
1.000000 1.000000 1.000000 1.000000
1.320000 3.300000

250.000000 0.000000 -500.000000
0.000000 1.000000 0.000000
1.000000 1.000000 1.000000 1.000000
1.650000 3.300000

300.000000 0.000000 -500.000000
0.000000 1.000000 0.000000
1.000000 1.000000 1.000000 1.000000
1.980000 3.300000

350.000000 0.000000 -500.000000
0.000000 1.000000 0.000000
1.000000 1.000000 1.000000 1.000000
2.310000 3.300000

400.000000 0.000000 -500.000000
0.000000 1.000000 0.000000
1.000000 1.000000 1.000000 1.000000
2.640000 3.300000

450.000000 0.000000 -500.000000
0.000000 1.000000 0.000000
1.000000 1.000000 1.000000 1.000000
2.970000 3.300000

500.000000 0.000000 -500.000000
0.000000 1.000000 0.000000
1.000000 1.000000 1.000000 1.000000
3.300000 3.300000

550.000000 0.000000 -500.000000
0.000000 1.000000 0.000000
1.000000 1.000000 1.000000 1.000000
3.630000 3.300000

600.000000 0.000000 -500.000000
0.000000 1.000000 0.000000
1.000000 1.000000 1.000000 1.000000
3.960000 3.300000

650.000000 0.000000 -500.000000
0.000000 1.000000 0.000000
1.000000 1.000000 1.000000 1.000000
4.290000 3.300000

700.000000 0.000000 -500.000000
0.000000 1.000000 0.000000
1.000000 1.000000 1.000000 1.000000
4.620000 3.300000

750.000000 0.000000 -500.000000
0.000000 1.000000 0.000000
1.000000 1.000000 1.000000 1.000000
4.950000 3.300000

850.000000 0.000000 -500.000000
0.707107 0.707107 0.000000
1.000000 1.000000 1.000000 1.000000
5.280000 3.300000

850.000000 -300.000000 -500.000000
1.000000 0.000000 -0.000000
1.000000 1.000000 1.000000 1.000000
5.610000 3.300000

0.000000 -300.000000 -600.000000
-1.000000 0.000000 0.000000
1.000000 1.000000 1.000000 1.000000
0.000000 3.630000

0.000000 0.000000 -600.000000
-0.666667 0.333333 -0.666667
1.000000 1.000000 1.000000 1.000000
0.330000 3.630000

100.000000 0.000000 -600.000000
0.000000 0.707107 -0.707107
1.000000 1.000000 1.000000 1.000000
0.660000 3.630000

150.000000 0.000000 -600.000000
0.000000 0.707107 -0.707107
1.000000 1.000000 1.000000 1.000000
0.990000 3.630000

200.000000 0.000000 -600.000000
0.000000 0.707107 -0.707107
1.000000 1.000000 1.000000 1.000000
1.320000 3.630000

250.000000 0.000000 -600.000000
0.000000 0.707107 -0.707107
1.000000 1.000000 1.000000 1.000000
1.650000 3.630000

300.000000 0.000000 -600.000000
0.000000 0.707107 -0.707107
1.000000 1.000000 1.000000 1.000000
1.980000 3.630000

350.000000 0.000000 -600.000000
0.000000 0.707107 -0.707107
1.000000 1.000000 1.000000 1.000000
2.310000 3.630000

400.000000 0.000000 -600.000000
0.000000 0.707107 -0.707107
1.000000 1.000000 1.000000 1.000000
2.640000 3.630000

450.000000 0.000000 -600.000000
0.000000 0.707107 -0.707107
1.000000 1.000000 1.000000 1.000000
2.970000 3.630000

500.000000 0.000000 -600.000000
0.000000 0.707107 -0.707107
1.000000 1.000000 1.000000 1.000000
3.300000 3.630000

550.000000 0.000000 -600.000000
0.000000 0.707107 -0.707107
1.000000 1.000000 1.000000 1.000000
3.630000 3.630000

600.000000 0.000000 -600.000000
0.000000 0.707107 -0.707107
1.000000 1.000000 1.000000 1.000000
3.960000 3.630000

650.000000 0.000000 -600.000000
0.000000 0.707107 -0.707107
1.000000 1.000000 1.000000 1.000000
4.290000 3.630000

700.000000 0.000000 -600.000000
0.000000 0.707107 -0.707107
1.000000 1.000000 1.000000 1.000000
4.620000 3.630000

750.000000 0.000000 -600.000000
0.000000 0.707107 -0.707107
1.000000 1.000000 1.000000 1.000000
4.950000 3.630000

850.000000 0.000000 -600.000000
0.577350 0.577350 -0.577350
1.000000 1.000000 1.000000 1.000000
5.280000 3.630000

850.000000 -300.000000 -550.000000
1.000000 0.000000 0.000000
1.000000 1.000000 1.000000 1.000000
5.610000 3.630000

0.000000 -249.000000 -582.000000
0.000000 -0.332820 0.942990
1.000000 1.000000 1.000000 1.000000
0.000000 3.960000

0.000000 -300.000000 -600.000000
0.000000 0.000000 -1.000000
1.000000 1.000000 1.000000 1.000000
0.330000 3.960000

100.000000 -300.000000 -600.000000
0.000000 0.000000 -1.000000
1.000000 1.000000 1.000000 1.000000
0.660000 3.960000

150.000000 -300.000000 -600.000000
0.000000 0.000000 -1.000000
1.000000 1.000000 1.000000 1.000000
0.990000 3.960000

200.000000 -300.000000 -600.000000
0.000000 0.000000 -1.000000
1.000000 1.000000 1.000000 1.000000
1.320000 3.960000

250.000000 -300.000000 -600.000000
0.000000 0.000000 -1.000000
1.000000 1.000000 1.000000 1.000000
1.650000 3.960000

300.000000 -300.000000 -600.000000
0.000000 0.000000 -1.000000
1.000000 1.000000 1.000000 1.000000
1.980000 3.960000

350.000000 -300.000000 -600.000000
0.000000 0.000000 -1.000000
1.000000 1.000000 1.000000 1.000000
2.310000 3.960000

400.000000 -300.000000 -600.000000
0.000000 0.000000 -1.000000
1.000000 1.000000 1.000000 1.000000
2.640000 3.960000

450.000000 -300.000000 -600.000000
0.000000 0.000000 -1.000000
1.000000 1.000000 1.000000 1.000000
2.970000 3.960000

500.000000 -300.000000 -600.000000
0.000000 0.000000 -1.000000
1.000000 1.000000 1.000000 1.000000
3.300000 3.960000

550.000000 -300.000000 -600.000000
0.000000 0.000000 -1.000000
1.000000 1.000000 1.000000 1.000000
3.630000 3.960000

600.000000 -300.000000 -600.000000
0.000000 0.000000 -1.000000
1.000000 1.000000 1.000000 1.000000
3.960000 3.960000

650.000000 -300.000000 -600.000000
0.000000 0.000000 -1.000000
1.000000 1.000000 1.000000 1.000000
4.290000 3.960000

700.000000 -300.000000 -600.000000
0.000000 0.000000 -1.000000
1.000000 1.000000 1.000000 1.000000
4.620000 3.960000

750.000000 -300.000000 -600.000000
0.000000 0.000000 -1.000000
1.000000 1.000000 1.000000 1.000000
4.950000 3.960000

800.000000 -300.000000 -600.000000
0.000000 0.000000 -1.000000
1.000000 1.000000 1.000000 1.000000
5.280000 3.960000

850.000000 -300.000000 -600.000000
0.707107 0.000000 -0.707107
1.000000 1.000000 1.000000 1.000000
5.610000 3.960000

