752 47 16

0.000000 0.000000 -0.000000
-1.000000 0.000000 0.000000
1.000000 1.000000 1.000000 1.000000
0.000000 0.000000

0.000000 0.000000 -0.000000
0.000000 0.164399 0.986394
1.000000 1.000000 1.000000 1.000000
1.968037 0.000000

100.000000 0.000000 -0.000000
0.000000 0.164399 0.986394
1.000000 1.000000 1.000000 1.000000
0.660000 0.000000

150.000000 0.000000 -0.000000
0.000000 0.164399 0.986394
1.000000 1.000000 1.000000 1.000000
0.990000 0.000000

200.000000 0.000000 -0.000000
0.000000 0.164399 0.986394
1.000000 1.000000 1.000000 1.000000
1.320000 0.000000

250.000000 0.000000 -0.000000
0.000000 0.164399 0.986394
1.000000 1.000000 1.000000 1.000000
1.650000 0.000000

300.000000 0.000000 -0.000000
0.000000 0.164399 0.986394
1.000000 1.000000 1.000000 1.000000
1.980000 0.000000

350.000000 0.000000 -0.000000
0.000000 0.164399 0.986394
1.000000 1.000000 1.000000 1.000000
2.310000 0.000000

400.000000 0.000000 -0.000000
0.000000 0.164399 0.986394
1.000000 1.000000 1.000000 1.000000
2.640000 0.000000

450.000000 0.000000 -0.000000
0.000000 0.164399 0.986394
1.000000 1.000000 1.000000 1.000000
2.970000 0.000000

500.000000 0.000000 -0.000000
0.000000 0.164399 0.986394
1.000000 1.000000 1.000000 1.000000
3.300000 0.000000

550.000000 0.000000 -0.000000
0.000000 0.164399 0.986394
1.000000 1.000000 1.000000 1.000000
3.630000 0.000000

600.000000 0.000000 -0.000000
0.000000 0.164399 0.986394
1.000000 1.000000 1.000000 1.000000
3.960000 0.000000

650.000000 0.000000 -0.000000
0.000000 0.164399 0.986394
1.000000 1.000000 1.000000 1.000000
4.290000 0.000000

750.000000 0.000000 -0.000000
0.707107 0.116248 0.697486
1.000000 1.000000 1.000000 1.000000
3.420087 0.000000

750.000000 0.000000 -0.000000
0.000000 1.000000 0.000000
1.000000 1.000000 1.000000 1.000000
4.950000 0.000000

0.000000 0.000000 -50.000000
-1.000000 0.000000 0.000000
1.000000 1.000000 1.000000 1.000000
0.000000 0.330000

0.000000 300.000000 -50.000000
-0.643570 0.696471 0.317407
1.000000 1.000000 1.000000 1.000000
1.968037 0.330000

100.000000 300.000000 -50.000000
0.000000 0.763020 0.646375
1.000000 1.000000 1.000000 1.000000
0.660000 0.330000

150.000000 300.000000 -50.000000
0.000000 0.763020 0.646375
1.000000 1.000000 1.000000 1.000000
0.990000 0.330000

200.000000 300.000000 -50.000000
0.000000 0.763020 0.646375
1.000000 1.000000 1.000000 1.000000
1.320000 0.330000

250.000000 300.000000 -50.000000
0.000000 0.763020 0.646375
1.000000 1.000000 1.000000 1.000000
1.650000 0.330000

300.000000 300.000000 -50.000000
0.000000 0.763020 0.646375
1.000000 1.000000 1.000000 1.000000
1.980000 0.330000

350.000000 300.000000 -50.000000
0.000000 0.763020 0.646375
1.000000 1.000000 1.000000 1.000000
2.310000 0.330000

400.000000 300.000000 -50.000000
0.000000 0.763020 0.646375
1.000000 1.000000 1.000000 1.000000
2.640000 0.330000

450.000000 300.000000 -50.000000
0.000000 0.763020 0.646375
1.000000 1.000000 1.000000 1.000000
2.970000 0.330000

500.000000 300.000000 -50.000000
0.000000 0.763020 0.646375
1.000000 1.000000 1.000000 1.000000
3.300000 0.330000

550.000000 300.000000 -50.000000
0.000000 0.763020 0.646375
1.000000 1.000000 1.000000 1.000000
3.630000 0.330000

600.000000 300.000000 -50.000000
0.000000 0.763020 0.646375
1.000000 1.000000 1.000000 1.000000
3.960000 0.330000

650.000000 300.000000 -50.000000
0.000000 0.763020 0.646375
1.000000 1.000000 1.000000 1.000000
4.290000 0.330000

750.000000 300.000000 -50.000000
0.783592 0.347078 0.515287
1.000000 1.000000 1.000000 1.000000
3.420087 0.330000

750.000000 0.000000 -50.000000
1.000000 0.000000 0.000000
1.000000 1.000000 1.000000 1.000000
4.950000 0.330000

0.000000 0.000000 -100.000000
-1.000000 0.000000 0.000000
1.000000 1.000000 1.000000 1.000000
0.000000 0.660000

0.000000 300.000000 -100.000000
-0.707107 0.707107 0.000000
1.000000 1.000000 1.000000 1.000000
1.968037 0.660000

100.000000 300.000000 -100.000000
0.000000 1.000000 0.000000
1.000000 1.000000 1.000000 1.000000
0.660000 0.660000

150.000000 300.000000 -100.000000
0.000000 1.000000 0.000000
1.000000 1.000000 1.000000 1.000000
0.990000 0.660000

200.000000 300.000000 -100.000000
0.000000 1.000000 0.000000
1.000000 1.000000 1.000000 1.000000
1.320000 0.660000

250.000000 300.000000 -100.000000
0.000000 1.000000 0.000000
1.000000 1.000000 1.000000 1.000000
1.650000 0.660000

300.000000 300.000000 -100.000000
0.000000 1.000000 0.000000
1.000000 1.000000 1.000000 1.000000
1.980000 0.660000

350.000000 300.000000 -100.000000
0.000000 1.000000 0.000000
1.000000 1.000000 1.000000 1.000000
2.310000 0.660000

400.000000 300.000000 -100.000000
0.000000 1.000000 0.000000
1.000000 1.000000 1.000000 1.000000
2.640000 0.660000

450.000000 300.000000 -100.000000
0.000000 1.000000 0.000000
1.000000 1.000000 1.000000 1.000000
2.970000 0.660000

500.000000 300.000000 -100.000000
0.000000 1.000000 0.000000
1.000000 1.000000 1.000000 1.000000
3.300000 0.660000

550.000000 300.000000 -100.000000
0.000000 1.000000 0.000000
1.000000 1.000000 1.000000 1.000000
3.630000 0.660000

600.000000 300.000000 -100.000000
0.000000 1.000000 0.000000
1.000000 1.000000 1.000000 1.000000
3.960000 0.660000

650.000000 300.000000 -100.000000
0.000000 1.000000 0.000000
1.000000 1.000000 1.000000 1.000000
4.290000 0.660000

750.000000 300.000000 -100.000000
0.707107 0.707107 0.000000
1.000000 1.000000 1.000000 1.000000
3.420087 0.660000

750.000000 0.000000 -100.000000
1.000000 0.000000 0.000000
1.000000 1.000000 1.000000 1.000000
4.950000 0.660000

0.000000 0.000000 -150.000000
-1.000000 0.000000 0.000000
1.000000 1.000000 1.000000 1.000000
0.000000 0.990000

0.000000 300.000000 -150.000000
-0.707107 0.707107 0.000000
1.000000 1.000000 1.000000 1.000000
1.968037 0.990000

100.000000 300.000000 -150.000000
0.000000 1.000000 0.000000
1.000000 1.000000 1.000000 1.000000
0.660000 0.990000

150.000000 300.000000 -150.000000
0.000000 1.000000 0.000000
1.000000 1.000000 1.000000 1.000000
0.990000 0.990000

200.000000 300.000000 -150.000000
0.000000 1.000000 0.000000
1.000000 1.000000 1.000000 1.000000
1.320000 0.990000

250.000000 300.000000 -150.000000
0.000000 1.000000 0.000000
1.000000 1.000000 1.000000 1.000000
1.650000 0.990000

300.000000 300.000000 -150.000000
0.000000 1.000000 0.000000
1.000000 1.000000 1.000000 1.000000
1.980000 0.990000

350.000000 300.000000 -150.000000
0.000000 1.000000 0.000000
1.000000 1.000000 1.000000 1.000000
2.310000 0.990000

400.000000 300.000000 -150.000000
0.000000 1.000000 0.000000
1.000000 1.000000 1.000000 1.000000
2.640000 0.990000

450.000000 300.000000 -150.000000
0.000000 1.000000 0.000000
1.000000 1.000000 1.000000 1.000000
2.970000 0.990000

500.000000 300.000000 -150.000000
0.000000 1.000000 0.000000
1.000000 1.000000 1.000000 1.000000
3.300000 0.990000

550.000000 300.000000 -150.000000
0.000000 1.000000 0.000000
1.000000 1.000000 1.000000 1.000000
3.630000 0.990000

600.000000 300.000000 -150.000000
0.000000 1.000000 0.000000
1.000000 1.000000 1.000000 1.000000
3.960000 0.990000

650.000000 300.000000 -150.000000
0.000000 1.000000 0.000000
1.000000 1.000000 1.000000 1.000000
4.290000 0.990000

750.000000 300.000000 -150.000000
0.707107 0.707107 0.000000
1.000000 1.000000 1.000000 1.000000
3.420087 0.990000

750.000000 0.000000 -150.000000
1.000000 0.000000 0.000000
1.000000 1.000000 1.000000 1.000000
4.950000 0.990000

0.000000 0.000000 -200.000000
-1.000000 0.000000 0.000000
1.000000 1.000000 1.000000 1.000000
0.000000 1.320000

0.000000 300.000000 -200.000000
-0.707107 0.707107 0.000000
1.000000 1.000000 1.000000 1.000000
1.968037 1.320000

100.000000 300.000000 -200.000000
0.000000 1.000000 0.000000
1.000000 1.000000 1.000000 1.000000
0.660000 1.320000

150.000000 300.000000 -200.000000
0.000000 1.000000 0.000000
1.000000 1.000000 1.000000 1.000000
0.990000 1.320000

200.000000 300.000000 -200.000000
0.000000 1.000000 0.000000
1.000000 1.000000 1.000000 1.000000
1.320000 1.320000

250.000000 300.000000 -200.000000
0.000000 1.000000 0.000000
1.000000 1.000000 1.000000 1.000000
1.650000 1.320000

300.000000 300.000000 -200.000000
0.000000 1.000000 0.000000
1.000000 1.000000 1.000000 1.000000
1.980000 1.320000

350.000000 300.000000 -200.000000
0.000000 1.000000 0.000000
1.000000 1.000000 1.000000 1.000000
2.310000 1.320000

400.000000 300.000000 -200.000000
0.000000 1.000000 0.000000
1.000000 1.000000 1.000000 1.000000
2.640000 1.320000

450.000000 300.000000 -200.000000
0.000000 1.000000 0.000000
1.000000 1.000000 1.000000 1.000000
2.970000 1.320000

500.000000 300.000000 -200.000000
0.000000 1.000000 0.000000
1.000000 1.000000 1.000000 1.000000
3.300000 1.320000

550.000000 300.000000 -200.000000
0.000000 1.000000 0.000000
1.000000 1.000000 1.000000 1.000000
3.630000 1.320000

600.000000 300.000000 -200.000000
0.000000 1.000000 0.000000
1.000000 1.000000 1.000000 1.000000
3.960000 1.320000

650.000000 300.000000 -200.000000
0.000000 1.000000 0.000000
1.000000 1.000000 1.000000 1.000000
4.290000 1.320000

750.000000 300.000000 -200.000000
0.707107 0.707107 0.000000
1.000000 1.000000 1.000000 1.000000
3.420087 1.320000

750.000000 0.000000 -200.000000
1.000000 0.000000 0.000000
1.000000 1.000000 1.000000 1.000000
4.950000 1.320000

0.000000 0.000000 -250.000000
-1.000000 0.000000 0.000000
1.000000 1.000000 1.000000 1.000000
0.000000 1.650000

0.000000 300.000000 -250.000000
-0.707107 0.707107 0.000000
1.000000 1.000000 1.000000 1.000000
1.968037 1.650000

100.000000 300.000000 -250.000000
0.000000 1.000000 0.000000
1.000000 1.000000 1.000000 1.000000
0.660000 1.650000

150.000000 300.000000 -250.000000
0.000000 1.000000 0.000000
1.000000 1.000000 1.000000 1.000000
0.990000 1.650000

200.000000 300.000000 -250.000000
0.000000 1.000000 0.000000
1.000000 1.000000 1.000000 1.000000
1.320000 1.650000

250.000000 300.000000 -250.000000
0.000000 1.000000 0.000000
1.000000 1.000000 1.000000 1.000000
1.650000 1.650000

300.000000 300.000000 -250.000000
0.000000 1.000000 0.000000
1.000000 1.000000 1.000000 1.000000
1.980000 1.650000

350.000000 300.000000 -250.000000
0.000000 1.000000 0.000000
1.000000 1.000000 1.000000 1.000000
2.310000 1.650000

400.000000 300.000000 -250.000000
0.000000 1.000000 0.000000
1.000000 1.000000 1.000000 1.000000
2.640000 1.650000

450.000000 300.000000 -250.000000
0.000000 1.000000 0.000000
1.000000 1.000000 1.000000 1.000000
2.970000 1.650000

500.000000 300.000000 -250.000000
0.000000 1.000000 0.000000
1.000000 1.000000 1.000000 1.000000
3.300000 1.650000

550.000000 300.000000 -250.000000
0.000000 1.000000 0.000000
1.000000 1.000000 1.000000 1.000000
3.630000 1.650000

600.000000 300.000000 -250.000000
0.000000 1.000000 0.000000
1.000000 1.000000 1.000000 1.000000
3.960000 1.650000

650.000000 300.000000 -250.000000
0.000000 1.000000 0.000000
1.000000 1.000000 1.000000 1.000000
4.290000 1.650000

750.000000 300.000000 -250.000000
0.707107 0.707107 0.000000
1.000000 1.000000 1.000000 1.000000
3.420087 1.650000

750.000000 0.000000 -250.000000
1.000000 0.000000 0.000000
1.000000 1.000000 1.000000 1.000000
4.950000 1.650000

0.000000 0.000000 -300.000000
-1.000000 0.000000 0.000000
1.000000 1.000000 1.000000 1.000000
0.000000 1.980000

0.000000 300.000000 -300.000000
-0.707107 0.707107 0.000000
1.000000 1.000000 1.000000 1.000000
1.968037 1.980000

100.000000 300.000000 -300.000000
0.000000 1.000000 0.000000
1.000000 1.000000 1.000000 1.000000
0.660000 1.980000

150.000000 300.000000 -300.000000
0.000000 1.000000 0.000000
1.000000 1.000000 1.000000 1.000000
0.990000 1.980000

200.000000 300.000000 -300.000000
0.000000 1.000000 0.000000
1.000000 1.000000 1.000000 1.000000
1.320000 1.980000

250.000000 300.000000 -300.000000
0.000000 1.000000 0.000000
1.000000 1.000000 1.000000 1.000000
1.650000 1.980000

300.000000 300.000000 -300.000000
0.000000 1.000000 0.000000
1.000000 1.000000 1.000000 1.000000
1.980000 1.980000

350.000000 300.000000 -300.000000
0.000000 1.000000 0.000000
1.000000 1.000000 1.000000 1.000000
2.310000 1.980000

400.000000 300.000000 -300.000000
0.000000 1.000000 0.000000
1.000000 1.000000 1.000000 1.000000
2.640000 1.980000

450.000000 300.000000 -300.000000
0.000000 1.000000 0.000000
1.000000 1.000000 1.000000 1.000000
2.970000 1.980000

500.000000 300.000000 -300.000000
0.000000 1.000000 0.000000
1.000000 1.000000 1.000000 1.000000
3.300000 1.980000

550.000000 300.000000 -300.000000
0.000000 1.000000 0.000000
1.000000 1.000000 1.000000 1.000000
3.630000 1.980000

600.000000 300.000000 -300.000000
0.000000 1.000000 0.000000
1.000000 1.000000 1.000000 1.000000
3.960000 1.980000

650.000000 300.000000 -300.000000
0.000000 1.000000 0.000000
1.000000 1.000000 1.000000 1.000000
4.290000 1.980000

750.000000 300.000000 -300.000000
0.707107 0.707107 0.000000
1.000000 1.000000 1.000000 1.000000
3.420087 1.980000

750.000000 0.000000 -300.000000
1.000000 0.000000 0.000000
1.000000 1.000000 1.000000 1.000000
4.950000 1.980000

0.000000 0.000000 -350.000000
-1.000000 0.000000 0.000000
1.000000 1.000000 1.000000 1.000000
0.000000 2.310000

0.000000 300.000000 -350.000000
-0.707107 0.707107 0.000000
1.000000 1.000000 1.000000 1.000000
1.968037 2.310000

100.000000 300.000000 -350.000000
0.000000 1.000000 0.000000
1.000000 1.000000 1.000000 1.000000
0.660000 2.310000

150.000000 300.000000 -350.000000
0.000000 1.000000 0.000000
1.000000 1.000000 1.000000 1.000000
0.990000 2.310000

200.000000 300.000000 -350.000000
0.000000 1.000000 0.000000
1.000000 1.000000 1.000000 1.000000
1.320000 2.310000

250.000000 300.000000 -350.000000
0.000000 1.000000 0.000000
1.000000 1.000000 1.000000 1.000000
1.650000 2.310000

300.000000 300.000000 -350.000000
0.000000 1.000000 0.000000
1.000000 1.000000 1.000000 1.000000
1.980000 2.310000

350.000000 300.000000 -350.000000
0.000000 1.000000 0.000000
1.000000 1.000000 1.000000 1.000000
2.310000 2.310000

400.000000 300.000000 -350.000000
0.000000 1.000000 0.000000
1.000000 1.000000 1.000000 1.000000
2.640000 2.310000

450.000000 300.000000 -350.000000
0.000000 1.000000 0.000000
1.000000 1.000000 1.000000 1.000000
2.970000 2.310000

500.000000 300.000000 -350.000000
0.000000 1.000000 0.000000
1.000000 1.000000 1.000000 1.000000
3.300000 2.310000

550.000000 300.000000 -350.000000
0.000000 1.000000 0.000000
1.000000 1.000000 1.000000 1.000000
3.630000 2.310000

600.000000 300.000000 -350.000000
0.000000 1.000000 0.000000
1.000000 1.000000 1.000000 1.000000
3.960000 2.310000

650.000000 300.000000 -350.000000
0.000000 1.000000 0.000000
1.000000 1.000000 1.000000 1.000000
4.290000 2.310000

750.000000 300.000000 -350.000000
0.707107 0.707107 0.000000
1.000000 1.000000 1.000000 1.000000
3.420087 2.310000

750.000000 0.000000 -350.000000
1.000000 0.000000 0.000000
1.000000 1.000000 1.000000 1.000000
4.950000 2.310000

0.000000 0.000000 -400.000000
-1.000000 0.000000 0.000000
1.000000 1.000000 1.000000 1.000000
0.000000 2.640000

0.000000 300.000000 -400.000000
-0.707107 0.707107 0.000000
1.000000 1.000000 1.000000 1.000000
1.968037 2.640000

100.000000 300.000000 -400.000000
0.000000 1.000000 0.000000
1.000000 1.000000 1.000000 1.000000
0.660000 2.640000

150.000000 300.000000 -400.000000
0.000000 1.000000 0.000000
1.000000 1.000000 1.000000 1.000000
0.990000 2.640000

200.000000 300.000000 -400.000000
0.000000 1.000000 0.000000
1.000000 1.000000 1.000000 1.000000
1.320000 2.640000

250.000000 300.000000 -400.000000
0.000000 1.000000 0.000000
1.000000 1.000000 1.000000 1.000000
1.650000 2.640000

300.000000 300.000000 -400.000000
0.000000 1.000000 0.000000
1.000000 1.000000 1.000000 1.000000
1.980000 2.640000

350.000000 300.000000 -400.000000
0.000000 1.000000 0.000000
1.000000 1.000000 1.000000 1.000000
2.310000 2.640000

400.000000 300.000000 -400.000000
0.000000 1.000000 0.000000
1.000000 1.000000 1.000000 1.000000
2.640000 2.640000

450.000000 300.000000 -400.000000
0.000000 1.000000 0.000000
1.000000 1.000000 1.000000 1.000000
2.970000 2.640000

500.000000 300.000000 -400.000000
0.000000 1.000000 0.000000
1.000000 1.000000 1.000000 1.000000
3.300000 2.640000

550.000000 300.000000 -400.000000
0.000000 1.000000 0.000000
1.000000 1.000000 1.000000 1.000000
3.630000 2.640000

600.000000 300.000000 -400.000000
0.000000 1.000000 0.000000
1.000000 1.000000 1.000000 1.000000
3.960000 2.640000

650.000000 300.000000 -400.000000
0.000000 1.000000 0.000000
1.000000 1.000000 1.000000 1.000000
4.290000 2.640000

750.000000 300.000000 -400.000000
0.707107 0.707107 0.000000
1.000000 1.000000 1.000000 1.000000
3.420087 2.640000

750.000000 0.000000 -400.000000
1.000000 0.000000 0.000000
1.000000 1.000000 1.000000 1.000000
4.950000 2.640000

0.000000 0.000000 -450.000000
-1.000000 0.000000 0.000000
1.000000 1.000000 1.000000 1.000000
0.000000 2.970000

0.000000 300.000000 -450.000000
-0.707107 0.707107 0.000000
1.000000 1.000000 1.000000 1.000000
1.968037 2.970000

100.000000 300.000000 -450.000000
0.000000 1.000000 0.000000
1.000000 1.000000 1.000000 1.000000
0.660000 2.970000

150.000000 300.000000 -450.000000
0.000000 1.000000 0.000000
1.000000 1.000000 1.000000 1.000000
0.990000 2.970000

200.000000 300.000000 -450.000000
0.000000 1.000000 0.000000
1.000000 1.000000 1.000000 1.000000
1.320000 2.970000

250.000000 300.000000 -450.000000
0.000000 1.000000 0.000000
1.000000 1.000000 1.000000 1.000000
1.650000 2.970000

300.000000 300.000000 -450.000000
0.000000 1.000000 0.000000
1.000000 1.000000 1.000000 1.000000
1.980000 2.970000

350.000000 300.000000 -450.000000
0.000000 1.000000 0.000000
1.000000 1.000000 1.000000 1.000000
2.310000 2.970000

400.000000 300.000000 -450.000000
0.000000 1.000000 0.000000
1.000000 1.000000 1.000000 1.000000
2.640000 2.970000

450.000000 300.000000 -450.000000
0.000000 1.000000 0.000000
1.000000 1.000000 1.000000 1.000000
2.970000 2.970000

500.000000 300.000000 -450.000000
0.000000 1.000000 0.000000
1.000000 1.000000 1.000000 1.000000
3.300000 2.970000

550.000000 300.000000 -450.000000
0.000000 1.000000 0.000000
1.000000 1.000000 1.000000 1.000000
3.630000 2.970000

600.000000 300.000000 -450.000000
0.000000 1.000000 0.000000
1.000000 1.000000 1.000000 1.000000
3.960000 2.970000

650.000000 300.000000 -450.000000
0.000000 1.000000 0.000000
1.000000 1.000000 1.000000 1.000000
4.290000 2.970000

750.000000 300.000000 -450.000000
0.707107 0.707107 0.000000
1.000000 1.000000 1.000000 1.000000
3.420087 2.970000

750.000000 0.000000 -450.000000
1.000000 0.000000 0.000000
1.000000 1.000000 1.000000 1.000000
4.950000 2.970000

0.000000 0.000000 -500.000000
-1.000000 0.000000 0.000000
1.000000 1.000000 1.000000 1.000000
0.000000 3.300000

0.000000 300.000000 -500.000000
-0.707107 0.707107 0.000000
1.000000 1.000000 1.000000 1.000000
1.968037 3.300000

100.000000 300.000000 -500.000000
0.000000 1.000000 0.000000
1.000000 1.000000 1.000000 1.000000
0.660000 3.300000

150.000000 300.000000 -500.000000
0.000000 1.000000 0.000000
1.000000 1.000000 1.000000 1.000000
0.990000 3.300000

200.000000 300.000000 -500.000000
0.000000 1.000000 0.000000
1.000000 1.000000 1.000000 1.000000
1.320000 3.300000

250.000000 300.000000 -500.000000
0.000000 1.000000 0.000000
1.000000 1.000000 1.000000 1.000000
1.650000 3.300000

300.000000 300.000000 -500.000000
0.000000 1.000000 0.000000
1.000000 1.000000 1.000000 1.000000
1.980000 3.300000

350.000000 300.000000 -500.000000
0.000000 1.000000 0.000000
1.000000 1.000000 1.000000 1.000000
2.310000 3.300000

400.000000 300.000000 -500.000000
0.000000 1.000000 0.000000
1.000000 1.000000 1.000000 1.000000
2.640000 3.300000

450.000000 300.000000 -500.000000
0.000000 1.000000 0.000000
1.000000 1.000000 1.000000 1.000000
2.970000 3.300000

500.000000 300.000000 -500.000000
0.000000 1.000000 0.000000
1.000000 1.000000 1.000000 1.000000
3.300000 3.300000

550.000000 300.000000 -500.000000
0.000000 1.000000 0.000000
1.000000 1.000000 1.000000 1.000000
3.630000 3.300000

600.000000 300.000000 -500.000000
0.000000 1.000000 0.000000
1.000000 1.000000 1.000000 1.000000
3.960000 3.300000

650.000000 300.000000 -500.000000
0.000000 1.000000 0.000000
1.000000 1.000000 1.000000 1.000000
4.290000 3.300000

750.000000 300.000000 -500.000000
0.707107 0.707107 0.000000
1.000000 1.000000 1.000000 1.000000
3.420087 3.300000

750.000000 0.000000 -500.000000
1.000000 0.000000 0.000000
1.000000 1.000000 1.000000 1.000000
4.950000 3.300000

0.000000 0.000000 -550.000000
-1.000000 0.000000 0.000000
1.000000 1.000000 1.000000 1.000000
0.000000 3.630000

0.000000 300.000000 -550.000000
-0.707107 0.707107 0.000000
1.000000 1.000000 1.000000 1.000000
1.968037 3.630000

100.000000 300.000000 -550.000000
0.000000 1.000000 0.000000
1.000000 1.000000 1.000000 1.000000
0.660000 3.630000

150.000000 300.000000 -550.000000
0.000000 1.000000 0.000000
1.000000 1.000000 1.000000 1.000000
0.990000 3.630000

200.000000 300.000000 -550.000000
0.000000 1.000000 0.000000
1.000000 1.000000 1.000000 1.000000
1.320000 3.630000

250.000000 300.000000 -550.000000
0.000000 1.000000 0.000000
1.000000 1.000000 1.000000 1.000000
1.650000 3.630000

300.000000 300.000000 -550.000000
0.000000 1.000000 0.000000
1.000000 1.000000 1.000000 1.000000
1.980000 3.630000

350.000000 300.000000 -550.000000
0.000000 1.000000 0.000000
1.000000 1.000000 1.000000 1.000000
2.310000 3.630000

400.000000 300.000000 -550.000000
0.000000 1.000000 0.000000
1.000000 1.000000 1.000000 1.000000
2.640000 3.630000

450.000000 300.000000 -550.000000
0.000000 1.000000 0.000000
1.000000 1.000000 1.000000 1.000000
2.970000 3.630000

500.000000 300.000000 -550.000000
0.000000 1.000000 0.000000
1.000000 1.000000 1.000000 1.000000
3.300000 3.630000

550.000000 300.000000 -550.000000
0.000000 1.000000 0.000000
1.000000 1.000000 1.000000 1.000000
3.630000 3.630000

600.000000 300.000000 -550.000000
0.000000 1.000000 0.000000
1.000000 1.000000 1.000000 1.000000
3.960000 3.630000

650.000000 300.000000 -550.000000
0.000000 1.000000 0.000000
1.000000 1.000000 1.000000 1.000000
4.290000 3.630000

750.000000 300.000000 -550.000000
0.707107 0.707107 0.000000
1.000000 1.000000 1.000000 1.000000
3.420087 3.630000

750.000000 0.000000 -550.000000
1.000000 0.000000 0.000000
1.000000 1.000000 1.000000 1.000000
4.950000 3.630000

0.000000 0.000000 -600.000000
-1.000000 0.000000 0.000000
1.000000 1.000000 1.000000 1.000000
0.000000 3.960000

0.000000 300.000000 -600.000000
-0.707107 0.707107 0.000000
1.000000 1.000000 1.000000 1.000000
1.968037 3.960000

100.000000 300.000000 -600.000000
0.000000 1.000000 0.000000
1.000000 1.000000 1.000000 1.000000
0.660000 3.960000

150.000000 300.000000 -600.000000
0.000000 1.000000 0.000000
1.000000 1.000000 1.000000 1.000000
0.990000 3.960000

200.000000 300.000000 -600.000000
0.000000 1.000000 0.000000
1.000000 1.000000 1.000000 1.000000
1.320000 3.960000

250.000000 300.000000 -600.000000
0.000000 1.000000 0.000000
1.000000 1.000000 1.000000 1.000000
1.650000 3.960000

300.000000 300.000000 -600.000000
0.000000 1.000000 0.000000
1.000000 1.000000 1.000000 1.000000
1.980000 3.960000

350.000000 300.000000 -600.000000
0.000000 1.000000 0.000000
1.000000 1.000000 1.000000 1.000000
2.310000 3.960000

400.000000 300.000000 -600.000000
0.000000 1.000000 0.000000
1.000000 1.000000 1.000000 1.000000
2.640000 3.960000

450.000000 300.000000 -600.000000
0.000000 1.000000 0.000000
1.000000 1.000000 1.000000 1.000000
2.970000 3.960000

500.000000 300.000000 -600.000000
0.000000 1.000000 0.000000
1.000000 1.000000 1.000000 1.000000
3.300000 3.960000

550.000000 300.000000 -600.000000
0.000000 1.000000 0.000000
1.000000 1.000000 1.000000 1.000000
3.630000 3.960000

600.000000 300.000000 -600.000000
0.000000 1.000000 0.000000
1.000000 1.000000 1.000000 1.000000
3.960000 3.960000

650.000000 300.000000 -600.000000
0.000000 1.000000 0.000000
1.000000 1.000000 1.000000 1.000000
4.290000 3.960000

750.000000 300.000000 -600.000000
0.707107 0.707107 0.000000
1.000000 1.000000 1.000000 1.000000
3.420087 3.960000

750.000000 0.000000 -600.000000
1.000000 0.000000 0.000000
1.000000 1.000000 1.000000 1.000000
4.950000 3.960000

0.000000 0.000000 -650.000000
-1.000000 0.000000 0.000000
1.000000 1.000000 1.000000 1.000000
0.000000 4.290000

0.000000 300.000000 -650.000000
-0.707107 0.707107 0.000000
1.000000 1.000000 1.000000 1.000000
1.968037 4.290000

100.000000 300.000000 -650.000000
0.000000 1.000000 0.000000
1.000000 1.000000 1.000000 1.000000
0.660000 4.290000

150.000000 300.000000 -650.000000
0.000000 1.000000 0.000000
1.000000 1.000000 1.000000 1.000000
0.990000 4.290000

200.000000 300.000000 -650.000000
0.000000 1.000000 0.000000
1.000000 1.000000 1.000000 1.000000
1.320000 4.290000

250.000000 300.000000 -650.000000
0.000000 1.000000 0.000000
1.000000 1.000000 1.000000 1.000000
1.650000 4.290000

300.000000 300.000000 -650.000000
0.000000 1.000000 0.000000
1.000000 1.000000 1.000000 1.000000
1.980000 4.290000

350.000000 300.000000 -650.000000
0.000000 1.000000 0.000000
1.000000 1.000000 1.000000 1.000000
2.310000 4.290000

400.000000 300.000000 -650.000000
0.000000 1.000000 0.000000
1.000000 1.000000 1.000000 1.000000
2.640000 4.290000

450.000000 300.000000 -650.000000
0.000000 1.000000 0.000000
1.000000 1.000000 1.000000 1.000000
2.970000 4.290000

500.000000 300.000000 -650.000000
0.000000 1.000000 0.000000
1.000000 1.000000 1.000000 1.000000
3.300000 4.290000

550.000000 300.000000 -650.000000
0.000000 1.000000 0.000000
1.000000 1.000000 1.000000 1.000000
3.630000 4.290000

600.000000 300.000000 -650.000000
0.000000 1.000000 0.000000
1.000000 1.000000 1.000000 1.000000
3.960000 4.290000

650.000000 300.000000 -650.000000
0.000000 1.000000 0.000000
1.000000 1.000000 1.000000 1.000000
4.290000 4.290000

750.000000 300.000000 -650.000000
0.707107 0.707107 0.000000
1.000000 1.000000 1.000000 1.000000
3.420087 4.290000

750.000000 0.000000 -650.000000
1.000000 0.000000 0.000000
1.000000 1.000000 1.000000 1.000000
4.950000 4.290000

0.000000 0.000000 -700.000000
-1.000000 0.000000 0.000000
1.000000 1.000000 1.000000 1.000000
0.000000 4.620000

0.000000 300.000000 -700.000000
-0.707107 0.707107 0.000000
1.000000 1.000000 1.000000 1.000000
1.968037 4.620000

100.000000 300.000000 -700.000000
0.000000 1.000000 0.000000
1.000000 1.000000 1.000000 1.000000
0.660000 4.620000

150.000000 300.000000 -700.000000
0.000000 1.000000 0.000000
1.000000 1.000000 1.000000 1.000000
0.990000 4.620000

200.000000 300.000000 -700.000000
0.000000 1.000000 0.000000
1.000000 1.000000 1.000000 1.000000
1.320000 4.620000

250.000000 300.000000 -700.000000
0.000000 1.000000 0.000000
1.000000 1.000000 1.000000 1.000000
1.650000 4.620000

300.000000 300.000000 -700.000000
0.000000 1.000000 0.000000
1.000000 1.000000 1.000000 1.000000
1.980000 4.620000

350.000000 300.000000 -700.000000
0.000000 1.000000 0.000000
1.000000 1.000000 1.000000 1.000000
2.310000 4.620000

400.000000 300.000000 -700.000000
0.000000 1.000000 0.000000
1.000000 1.000000 1.000000 1.000000
2.640000 4.620000

450.000000 300.000000 -700.000000
0.000000 1.000000 0.000000
1.000000 1.000000 1.000000 1.000000
2.970000 4.620000

500.000000 300.000000 -700.000000
0.000000 1.000000 0.000000
1.000000 1.000000 1.000000 1.000000
3.300000 4.620000

550.000000 300.000000 -700.000000
0.000000 1.000000 0.000000
1.000000 1.000000 1.000000 1.000000
3.630000 4.620000

600.000000 300.000000 -700.000000
0.000000 1.000000 0.000000
1.000000 1.000000 1.000000 1.000000
3.960000 4.620000

650.000000 300.000000 -700.000000
0.000000 1.000000 0.000000
1.000000 1.000000 1.000000 1.000000
4.290000 4.620000

750.000000 300.000000 -700.000000
0.707107 0.707107 0.000000
1.000000 1.000000 1.000000 1.000000
3.420087 4.620000

750.000000 0.000000 -700.000000
1.000000 0.000000 0.000000
1.000000 1.000000 1.000000 1.000000
4.950000 4.620000

0.000000 0.000000 -750.000000
-1.000000 0.000000 0.000000
1.000000 1.000000 1.000000 1.000000
0.002000 4.951000

0.000000 300.000000 -750.000000
-0.707107 0.707107 0.000000
1.000000 1.000000 1.000000 1.000000
1.968037 4.950000

100.000000 300.000000 -750.000000
0.000000 1.000000 0.000000
1.000000 1.000000 1.000000 1.000000
0.660000 4.950000

150.000000 300.000000 -750.000000
0.000000 1.000000 0.000000
1.000000 1.000000 1.000000 1.000000
0.990000 4.950000

200.000000 300.000000 -750.000000
0.000000 1.000000 0.000000
1.000000 1.000000 1.000000 1.000000
1.320000 4.950000

250.000000 300.000000 -750.000000
0.000000 1.000000 0.000000
1.000000 1.000000 1.000000 1.000000
1.650000 4.950000

300.000000 300.000000 -750.000000
0.000000 1.000000 0.000000
1.000000 1.000000 1.000000 1.000000
1.980000 4.950000

350.000000 300.000000 -750.000000
0.000000 1.000000 0.000000
1.000000 1.000000 1.000000 1.000000
2.310000 4.950000

400.000000 300.000000 -750.000000
0.000000 1.000000 0.000000
1.000000 1.000000 1.000000 1.000000
2.640000 4.950000

450.000000 300.000000 -750.000000
0.000000 1.000000 0.000000
1.000000 1.000000 1.000000 1.000000
2.970000 4.950000

500.000000 300.000000 -750.000000
0.000000 1.000000 0.000000
1.000000 1.000000 1.000000 1.000000
3.300000 4.950000

550.000000 300.000000 -750.000000
0.000000 1.000000 0.000000
1.000000 1.000000 1.000000 1.000000
3.630000 4.950000

600.000000 300.000000 -750.000000
0.000000 1.000000 0.000000
1.000000 1.000000 1.000000 1.000000
3.960000 4.950000

650.000000 300.000000 -750.000000
0.000000 1.000000 0.000000
1.000000 1.000000 1.000000 1.000000
4.290000 4.950000

750.000000 300.000000 -750.000000
0.707107 0.707107 0.000000
1.000000 1.000000 1.000000 1.000000
3.420087 4.964999

750.000000 0.000000 -750.000000
1.000000 0.000000 0.000000
1.000000 1.000000 1.000000 1.000000
4.950000 4.950000

0.000000 0.000000 -800.000000
-0.833553 0.432366 -0.343875
1.000000 1.000000 1.000000 1.000000
-0.293000 5.424990

0.000000 300.000000 -850.000000
-0.688957 0.225117 -0.688957
1.000000 1.000000 1.000000 1.000000
-0.101999 3.183152

100.000000 300.000000 -850.000000
0.000000 0.707107 -0.707107
1.000000 1.000000 1.000000 1.000000
0.660000 3.172153

150.000000 300.000000 -850.000000
0.000000 0.707107 -0.707107
1.000000 1.000000 1.000000 1.000000
0.990000 3.172153

200.000000 300.000000 -850.000000
0.000000 0.707107 -0.707107
1.000000 1.000000 1.000000 1.000000
1.320000 3.172153

250.000000 300.000000 -850.000000
0.000000 0.707107 -0.707107
1.000000 1.000000 1.000000 1.000000
1.650000 3.172153

300.000000 300.000000 -850.000000
0.000000 0.707107 -0.707107
1.000000 1.000000 1.000000 1.000000
1.980000 3.172153

350.000000 300.000000 -850.000000
0.000000 0.707107 -0.707107
1.000000 1.000000 1.000000 1.000000
2.310000 3.172153

400.000000 300.000000 -850.000000
0.000000 0.707107 -0.707107
1.000000 1.000000 1.000000 1.000000
2.640000 3.172153

450.000000 300.000000 -850.000000
0.000000 0.707107 -0.707107
1.000000 1.000000 1.000000 1.000000
2.970000 3.172153

500.000000 300.000000 -850.000000
0.000000 0.707107 -0.707107
1.000000 1.000000 1.000000 1.000000
3.300000 3.172153

550.000000 300.000000 -850.000000
0.000000 0.707107 -0.707107
1.000000 1.000000 1.000000 1.000000
3.630000 3.172153

600.000000 300.000000 -850.000000
0.000000 0.707107 -0.707107
1.000000 1.000000 1.000000 1.000000
3.960000 3.172153

650.000000 300.000000 -850.000000
0.000000 0.707107 -0.707107
1.000000 1.000000 1.000000 1.000000
4.290000 3.172153

750.000000 300.000000 -850.000000
0.577350 0.577350 -0.577350
1.000000 1.000000 1.000000 1.000000
4.900980 3.171153

750.000000 0.000000 -800.000000
1.000000 0.000000 0.000000
1.000000 1.000000 1.000000 1.000000
4.950000 5.280000

0.000000 0.000000 -850.000000
0.000000 1.000000 0.000000
1.000000 1.000000 1.000000 1.000000
0.000000 5.610000

50.000000 0.000000 -850.000000
-0.163410 0.903547 -0.396105
1.000000 1.000000 1.000000 1.000000
0.330000 5.610000

100.000000 0.000000 -850.000000
0.000000 0.707107 -0.707107
1.000000 1.000000 1.000000 1.000000
0.660000 5.610000

150.000000 0.000000 -850.000000
0.000000 0.707107 -0.707107
1.000000 1.000000 1.000000 1.000000
0.990000 5.610000

200.000000 0.000000 -850.000000
0.000000 0.707107 -0.707107
1.000000 1.000000 1.000000 1.000000
1.320000 5.610000

250.000000 0.000000 -850.000000
0.000000 0.707107 -0.707107
1.000000 1.000000 1.000000 1.000000
1.650000 5.610000

300.000000 0.000000 -850.000000
0.000000 0.707107 -0.707107
1.000000 1.000000 1.000000 1.000000
1.980000 5.610000

350.000000 0.000000 -850.000000
0.000000 0.707107 -0.707107
1.000000 1.000000 1.000000 1.000000
2.310000 5.610000

400.000000 0.000000 -850.000000
0.000000 0.707107 -0.707107
1.000000 1.000000 1.000000 1.000000
2.640000 5.610000

450.000000 0.000000 -850.000000
0.000000 0.707107 -0.707107
1.000000 1.000000 1.000000 1.000000
2.970000 5.610000

500.000000 0.000000 -850.000000
0.000000 0.707107 -0.707107
1.000000 1.000000 1.000000 1.000000
3.300000 5.610000

550.000000 0.000000 -850.000000
0.000000 0.707107 -0.707107
1.000000 1.000000 1.000000 1.000000
3.630000 5.610000

600.000000 0.000000 -850.000000
0.000000 0.707107 -0.707107
1.000000 1.000000 1.000000 1.000000
3.960000 5.610000

650.000000 0.000000 -850.000000
0.000000 0.707107 -0.707107
1.000000 1.000000 1.000000 1.000000
4.290000 5.610000

700.000000 0.000000 -850.000000
0.000000 0.707107 -0.707107
1.000000 1.000000 1.000000 1.000000
4.620000 5.610000

750.000000 0.000000 -850.000000
0.577350 0.577350 -0.577350
1.000000 1.000000 1.000000 1.000000
4.950000 5.610000

0.000000 0.000000 -900.000000
0.000000 1.000000 0.000000
1.000000 1.000000 1.000000 1.000000
0.000000 5.940000

50.000000 0.000000 -900.000000
0.000000 1.000000 0.000000
1.000000 1.000000 1.000000 1.000000
0.330000 5.940000

100.000000 0.000000 -900.000000
0.000000 1.000000 0.000000
1.000000 1.000000 1.000000 1.000000
0.660000 5.940000

150.000000 0.000000 -900.000000
0.000000 1.000000 0.000000
1.000000 1.000000 1.000000 1.000000
0.990000 5.940000

200.000000 0.000000 -900.000000
0.000000 1.000000 0.000000
1.000000 1.000000 1.000000 1.000000
1.320000 5.940000

250.000000 0.000000 -900.000000
0.000000 1.000000 0.000000
1.000000 1.000000 1.000000 1.000000
1.650000 5.940000

300.000000 0.000000 -900.000000
0.000000 1.000000 0.000000
1.000000 1.000000 1.000000 1.000000
1.980000 5.940000

350.000000 0.000000 -900.000000
0.000000 1.000000 0.000000
1.000000 1.000000 1.000000 1.000000
2.310000 5.940000

400.000000 0.000000 -900.000000
0.000000 1.000000 0.000000
1.000000 1.000000 1.000000 1.000000
2.640000 5.940000

450.000000 0.000000 -900.000000
0.000000 1.000000 0.000000
1.000000 1.000000 1.000000 1.000000
2.970000 5.940000

500.000000 0.000000 -900.000000
0.000000 1.000000 0.000000
1.000000 1.000000 1.000000 1.000000
3.300000 5.940000

550.000000 0.000000 -900.000000
0.000000 1.000000 0.000000
1.000000 1.000000 1.000000 1.000000
3.630000 5.940000

600.000000 0.000000 -900.000000
0.000000 1.000000 0.000000
1.000000 1.000000 1.000000 1.000000
3.960000 5.940000

650.000000 0.000000 -900.000000
0.000000 1.000000 0.000000
1.000000 1.000000 1.000000 1.000000
4.290000 5.940000

700.000000 0.000000 -900.000000
0.000000 1.000000 0.000000
1.000000 1.000000 1.000000 1.000000
4.620000 5.940000

750.000000 0.000000 -900.000000
0.000000 1.000000 0.000000
1.000000 1.000000 1.000000 1.000000
4.950000 5.940000

0.000000 0.000000 -950.000000
0.000000 1.000000 0.000000
1.000000 1.000000 1.000000 1.000000
0.000000 6.270000

50.000000 0.000000 -950.000000
0.000000 1.000000 0.000000
1.000000 1.000000 1.000000 1.000000
0.330000 6.270000

100.000000 0.000000 -950.000000
0.000000 1.000000 0.000000
1.000000 1.000000 1.000000 1.000000
0.660000 6.270000

150.000000 0.000000 -950.000000
0.000000 1.000000 0.000000
1.000000 1.000000 1.000000 1.000000
0.990000 6.270000

200.000000 0.000000 -950.000000
0.000000 1.000000 0.000000
1.000000 1.000000 1.000000 1.000000
1.320000 6.270000

250.000000 0.000000 -950.000000
0.000000 1.000000 0.000000
1.000000 1.000000 1.000000 1.000000
1.650000 6.270000

300.000000 0.000000 -950.000000
0.000000 1.000000 0.000000
1.000000 1.000000 1.000000 1.000000
1.980000 6.270000

350.000000 0.000000 -950.000000
0.000000 1.000000 0.000000
1.000000 1.000000 1.000000 1.000000
2.310000 6.270000

400.000000 0.000000 -950.000000
0.000000 1.000000 0.000000
1.000000 1.000000 1.000000 1.000000
2.640000 6.270000

450.000000 0.000000 -950.000000
0.000000 1.000000 0.000000
1.000000 1.000000 1.000000 1.000000
2.970000 6.270000

500.000000 0.000000 -950.000000
0.000000 1.000000 0.000000
1.000000 1.000000 1.000000 1.000000
3.300000 6.270000

550.000000 0.000000 -950.000000
0.000000 1.000000 0.000000
1.000000 1.000000 1.000000 1.000000
3.630000 6.270000

600.000000 0.000000 -950.000000
0.000000 1.000000 0.000000
1.000000 1.000000 1.000000 1.000000
3.960000 6.270000

650.000000 0.000000 -950.000000
0.000000 1.000000 0.000000
1.000000 1.000000 1.000000 1.000000
4.290000 6.270000

700.000000 0.000000 -950.000000
0.000000 1.000000 0.000000
1.000000 1.000000 1.000000 1.000000
4.620000 6.270000

750.000000 0.000000 -950.000000
0.000000 1.000000 0.000000
1.000000 1.000000 1.000000 1.000000
4.950000 6.270000

0.000000 0.000000 -1000.000000
0.000000 1.000000 0.000000
1.000000 1.000000 1.000000 1.000000
0.000000 6.600000

50.000000 0.000000 -1000.000000
0.000000 1.000000 0.000000
1.000000 1.000000 1.000000 1.000000
0.330000 6.600000

100.000000 0.000000 -1000.000000
0.000000 1.000000 0.000000
1.000000 1.000000 1.000000 1.000000
0.660000 6.600000

150.000000 0.000000 -1000.000000
0.000000 1.000000 0.000000
1.000000 1.000000 1.000000 1.000000
0.990000 6.600000

200.000000 0.000000 -1000.000000
0.000000 1.000000 0.000000
1.000000 1.000000 1.000000 1.000000
1.320000 6.600000

250.000000 0.000000 -1000.000000
0.000000 1.000000 0.000000
1.000000 1.000000 1.000000 1.000000
1.650000 6.600000

300.000000 0.000000 -1000.000000
0.000000 1.000000 0.000000
1.000000 1.000000 1.000000 1.000000
1.980000 6.600000

350.000000 0.000000 -1000.000000
0.000000 1.000000 0.000000
1.000000 1.000000 1.000000 1.000000
2.310000 6.600000

400.000000 0.000000 -1000.000000
0.000000 1.000000 0.000000
1.000000 1.000000 1.000000 1.000000
2.640000 6.600000

450.000000 0.000000 -1000.000000
0.000000 1.000000 0.000000
1.000000 1.000000 1.000000 1.000000
2.970000 6.600000

500.000000 0.000000 -1000.000000
0.000000 1.000000 0.000000
1.000000 1.000000 1.000000 1.000000
3.300000 6.600000

550.000000 0.000000 -1000.000000
0.000000 1.000000 0.000000
1.000000 1.000000 1.000000 1.000000
3.630000 6.600000

600.000000 0.000000 -1000.000000
0.000000 1.000000 0.000000
1.000000 1.000000 1.000000 1.000000
3.960000 6.600000

650.000000 0.000000 -1000.000000
0.000000 1.000000 0.000000
1.000000 1.000000 1.000000 1.000000
4.290000 6.600000

700.000000 0.000000 -1000.000000
0.000000 1.000000 0.000000
1.000000 1.000000 1.000000 1.000000
4.620000 6.600000

750.000000 0.000000 -1000.000000
0.000000 1.000000 0.000000
1.000000 1.000000 1.000000 1.000000
4.950000 6.600000

0.000000 0.000000 -1050.000000
0.000000 1.000000 0.000000
1.000000 1.000000 1.000000 1.000000
0.000000 6.930000

50.000000 0.000000 -1050.000000
0.000000 1.000000 0.000000
1.000000 1.000000 1.000000 1.000000
0.330000 6.930000

100.000000 0.000000 -1050.000000
0.000000 1.000000 0.000000
1.000000 1.000000 1.000000 1.000000
0.660000 6.930000

150.000000 0.000000 -1050.000000
0.000000 1.000000 0.000000
1.000000 1.000000 1.000000 1.000000
0.990000 6.930000

200.000000 0.000000 -1050.000000
0.000000 1.000000 0.000000
1.000000 1.000000 1.000000 1.000000
1.320000 6.930000

250.000000 0.000000 -1050.000000
0.000000 1.000000 0.000000
1.000000 1.000000 1.000000 1.000000
1.650000 6.930000

300.000000 0.000000 -1050.000000
0.000000 1.000000 0.000000
1.000000 1.000000 1.000000 1.000000
1.980000 6.930000

350.000000 0.000000 -1050.000000
0.000000 1.000000 0.000000
1.000000 1.000000 1.000000 1.000000
2.310000 6.930000

400.000000 0.000000 -1050.000000
0.000000 1.000000 0.000000
1.000000 1.000000 1.000000 1.000000
2.640000 6.930000

450.000000 0.000000 -1050.000000
0.000000 1.000000 0.000000
1.000000 1.000000 1.000000 1.000000
2.970000 6.930000

500.000000 0.000000 -1050.000000
0.000000 1.000000 0.000000
1.000000 1.000000 1.000000 1.000000
3.300000 6.930000

550.000000 0.000000 -1050.000000
0.000000 1.000000 0.000000
1.000000 1.000000 1.000000 1.000000
3.630000 6.930000

600.000000 0.000000 -1050.000000
0.000000 1.000000 0.000000
1.000000 1.000000 1.000000 1.000000
3.960000 6.930000

650.000000 0.000000 -1050.000000
0.000000 1.000000 0.000000
1.000000 1.000000 1.000000 1.000000
4.290000 6.930000

700.000000 0.000000 -1050.000000
0.000000 1.000000 0.000000
1.000000 1.000000 1.000000 1.000000
4.620000 6.930000

750.000000 0.000000 -1050.000000
0.000000 1.000000 0.000000
1.000000 1.000000 1.000000 1.000000
4.950000 6.930000

0.000000 0.000000 -1100.000000
0.000000 1.000000 0.000000
1.000000 1.000000 1.000000 1.000000
0.000000 7.260000

50.000000 0.000000 -1100.000000
0.000000 1.000000 0.000000
1.000000 1.000000 1.000000 1.000000
0.330000 7.260000

100.000000 0.000000 -1100.000000
0.000000 1.000000 0.000000
1.000000 1.000000 1.000000 1.000000
0.660000 7.260000

150.000000 0.000000 -1100.000000
0.000000 1.000000 0.000000
1.000000 1.000000 1.000000 1.000000
0.990000 7.260000

200.000000 0.000000 -1100.000000
0.000000 1.000000 0.000000
1.000000 1.000000 1.000000 1.000000
1.320000 7.260000

250.000000 0.000000 -1100.000000
0.000000 1.000000 0.000000
1.000000 1.000000 1.000000 1.000000
1.650000 7.260000

300.000000 0.000000 -1100.000000
0.000000 1.000000 0.000000
1.000000 1.000000 1.000000 1.000000
1.980000 7.260000

350.000000 0.000000 -1100.000000
0.000000 1.000000 0.000000
1.000000 1.000000 1.000000 1.000000
2.310000 7.260000

400.000000 0.000000 -1100.000000
0.000000 1.000000 0.000000
1.000000 1.000000 1.000000 1.000000
2.640000 7.260000

450.000000 0.000000 -1100.000000
0.000000 1.000000 0.000000
1.000000 1.000000 1.000000 1.000000
2.970000 7.260000

500.000000 0.000000 -1100.000000
0.000000 1.000000 0.000000
1.000000 1.000000 1.000000 1.000000
3.300000 7.260000

550.000000 0.000000 -1100.000000
0.000000 1.000000 0.000000
1.000000 1.000000 1.000000 1.000000
3.630000 7.260000

600.000000 0.000000 -1100.000000
0.000000 1.000000 0.000000
1.000000 1.000000 1.000000 1.000000
3.960000 7.260000

650.000000 0.000000 -1100.000000
0.000000 1.000000 0.000000
1.000000 1.000000 1.000000 1.000000
4.290000 7.260000

700.000000 0.000000 -1100.000000
0.000000 1.000000 0.000000
1.000000 1.000000 1.000000 1.000000
4.620000 7.260000

750.000000 0.000000 -1100.000000
0.000000 1.000000 0.000000
1.000000 1.000000 1.000000 1.000000
4.950000 7.260000

0.000000 0.000000 -1150.000000
0.000000 1.000000 0.000000
1.000000 1.000000 1.000000 1.000000
0.000000 7.590000

50.000000 0.000000 -1150.000000
0.000000 1.000000 0.000000
1.000000 1.000000 1.000000 1.000000
0.330000 7.590000

100.000000 0.000000 -1150.000000
0.000000 1.000000 0.000000
1.000000 1.000000 1.000000 1.000000
0.660000 7.590000

150.000000 0.000000 -1150.000000
0.000000 1.000000 0.000000
1.000000 1.000000 1.000000 1.000000
0.990000 7.590000

200.000000 0.000000 -1150.000000
0.000000 1.000000 0.000000
1.000000 1.000000 1.000000 1.000000
1.320000 7.590000

250.000000 0.000000 -1150.000000
0.000000 1.000000 0.000000
1.000000 1.000000 1.000000 1.000000
1.650000 7.590000

300.000000 0.000000 -1150.000000
0.000000 1.000000 0.000000
1.000000 1.000000 1.000000 1.000000
1.980000 7.590000

350.000000 0.000000 -1150.000000
0.000000 1.000000 0.000000
1.000000 1.000000 1.000000 1.000000
2.310000 7.590000

400.000000 0.000000 -1150.000000
0.000000 1.000000 0.000000
1.000000 1.000000 1.000000 1.000000
2.640000 7.590000

450.000000 0.000000 -1150.000000
0.000000 1.000000 0.000000
1.000000 1.000000 1.000000 1.000000
2.970000 7.590000

500.000000 0.000000 -1150.000000
0.000000 1.000000 0.000000
1.000000 1.000000 1.000000 1.000000
3.300000 7.590000

550.000000 0.000000 -1150.000000
0.000000 1.000000 0.000000
1.000000 1.000000 1.000000 1.000000
3.630000 7.590000

600.000000 0.000000 -1150.000000
0.000000 1.000000 0.000000
1.000000 1.000000 1.000000 1.000000
3.960000 7.590000

650.000000 0.000000 -1150.000000
0.000000 1.000000 0.000000
1.000000 1.000000 1.000000 1.000000
4.290000 7.590000

700.000000 0.000000 -1150.000000
0.000000 1.000000 0.000000
1.000000 1.000000 1.000000 1.000000
4.620000 7.590000

750.000000 0.000000 -1150.000000
0.000000 1.000000 0.000000
1.000000 1.000000 1.000000 1.000000
4.950000 7.590000

0.000000 0.000000 -1200.000000
0.000000 1.000000 0.000000
1.000000 1.000000 1.000000 1.000000
0.000000 7.920000

50.000000 0.000000 -1200.000000
0.000000 1.000000 0.000000
1.000000 1.000000 1.000000 1.000000
0.330000 7.920000

100.000000 0.000000 -1200.000000
0.000000 1.000000 0.000000
1.000000 1.000000 1.000000 1.000000
0.660000 7.920000

150.000000 0.000000 -1200.000000
0.000000 1.000000 0.000000
1.000000 1.000000 1.000000 1.000000
0.990000 7.920000

200.000000 0.000000 -1200.000000
0.000000 1.000000 0.000000
1.000000 1.000000 1.000000 1.000000
1.320000 7.920000

250.000000 0.000000 -1200.000000
0.000000 1.000000 0.000000
1.000000 1.000000 1.000000 1.000000
1.650000 7.920000

300.000000 0.000000 -1200.000000
0.000000 1.000000 0.000000
1.000000 1.000000 1.000000 1.000000
1.980000 7.920000

350.000000 0.000000 -1200.000000
0.000000 1.000000 0.000000
1.000000 1.000000 1.000000 1.000000
2.310000 7.920000

400.000000 0.000000 -1200.000000
0.000000 1.000000 0.000000
1.000000 1.000000 1.000000 1.000000
2.640000 7.920000

450.000000 0.000000 -1200.000000
0.000000 1.000000 0.000000
1.000000 1.000000 1.000000 1.000000
2.970000 7.920000

500.000000 0.000000 -1200.000000
0.000000 1.000000 0.000000
1.000000 1.000000 1.000000 1.000000
3.300000 7.920000

550.000000 0.000000 -1200.000000
0.000000 1.000000 0.000000
1.000000 1.000000 1.000000 1.000000
3.630000 7.920000

600.000000 0.000000 -1200.000000
0.000000 1.000000 0.000000
1.000000 1.000000 1.000000 1.000000
3.960000 7.920000

650.000000 0.000000 -1200.000000
0.000000 1.000000 0.000000
1.000000 1.000000 1.000000 1.000000
4.290000 7.920000

700.000000 0.000000 -1200.000000
0.000000 1.000000 0.000000
1.000000 1.000000 1.000000 1.000000
4.620000 7.920000

750.000000 0.000000 -1200.000000
0.000000 1.000000 0.000000
1.000000 1.000000 1.000000 1.000000
4.950000 7.920000

0.000000 0.000000 -1250.000000
0.000000 1.000000 0.000000
1.000000 1.000000 1.000000 1.000000
0.000000 8.250000

50.000000 0.000000 -1250.000000
0.000000 1.000000 0.000000
1.000000 1.000000 1.000000 1.000000
0.330000 8.250000

100.000000 0.000000 -1250.000000
0.000000 1.000000 0.000000
1.000000 1.000000 1.000000 1.000000
0.660000 8.250000

150.000000 0.000000 -1250.000000
0.000000 1.000000 0.000000
1.000000 1.000000 1.000000 1.000000
0.990000 8.250000

200.000000 0.000000 -1250.000000
0.000000 1.000000 0.000000
1.000000 1.000000 1.000000 1.000000
1.320000 8.250000

250.000000 0.000000 -1250.000000
0.000000 1.000000 0.000000
1.000000 1.000000 1.000000 1.000000
1.650000 8.250000

300.000000 0.000000 -1250.000000
0.000000 1.000000 0.000000
1.000000 1.000000 1.000000 1.000000
1.980000 8.250000

350.000000 0.000000 -1250.000000
0.000000 1.000000 0.000000
1.000000 1.000000 1.000000 1.000000
2.310000 8.250000

400.000000 0.000000 -1250.000000
0.000000 1.000000 0.000000
1.000000 1.000000 1.000000 1.000000
2.640000 8.250000

450.000000 0.000000 -1250.000000
0.000000 1.000000 0.000000
1.000000 1.000000 1.000000 1.000000
2.970000 8.250000

500.000000 0.000000 -1250.000000
0.000000 1.000000 0.000000
1.000000 1.000000 1.000000 1.000000
3.300000 8.250000

550.000000 0.000000 -1250.000000
0.000000 1.000000 0.000000
1.000000 1.000000 1.000000 1.000000
3.630000 8.250000

600.000000 0.000000 -1250.000000
0.000000 1.000000 0.000000
1.000000 1.000000 1.000000 1.000000
3.960000 8.250000

650.000000 0.000000 -1250.000000
0.000000 1.000000 0.000000
1.000000 1.000000 1.000000 1.000000
4.290000 8.250000

700.000000 0.000000 -1250.000000
0.000000 1.000000 0.000000
1.000000 1.000000 1.000000 1.000000
4.620000 8.250000

750.000000 0.000000 -1250.000000
0.000000 1.000000 0.000000
1.000000 1.000000 1.000000 1.000000
4.950000 8.250000

0.000000 0.000000 -1300.000000
0.000000 1.000000 0.000000
1.000000 1.000000 1.000000 1.000000
0.000000 8.580000

50.000000 0.000000 -1300.000000
0.000000 1.000000 0.000000
1.000000 1.000000 1.000000 1.000000
0.330000 8.580000

100.000000 0.000000 -1300.000000
0.000000 1.000000 0.000000
1.000000 1.000000 1.000000 1.000000
0.660000 8.580000

150.000000 0.000000 -1300.000000
0.000000 1.000000 0.000000
1.000000 1.000000 1.000000 1.000000
0.990000 8.580000

200.000000 0.000000 -1300.000000
0.000000 1.000000 0.000000
1.000000 1.000000 1.000000 1.000000
1.320000 8.580000

250.000000 0.000000 -1300.000000
0.000000 1.000000 0.000000
1.000000 1.000000 1.000000 1.000000
1.650000 8.580000

300.000000 0.000000 -1300.000000
0.000000 1.000000 0.000000
1.000000 1.000000 1.000000 1.000000
1.980000 8.580000

350.000000 0.000000 -1300.000000
0.000000 1.000000 0.000000
1.000000 1.000000 1.000000 1.000000
2.310000 8.580000

400.000000 0.000000 -1300.000000
0.000000 1.000000 0.000000
1.000000 1.000000 1.000000 1.000000
2.640000 8.580000

450.000000 0.000000 -1300.000000
0.000000 1.000000 0.000000
1.000000 1.000000 1.000000 1.000000
2.970000 8.580000

500.000000 0.000000 -1300.000000
0.000000 1.000000 0.000000
1.000000 1.000000 1.000000 1.000000
3.300000 8.580000

550.000000 0.000000 -1300.000000
0.000000 1.000000 0.000000
1.000000 1.000000 1.000000 1.000000
3.630000 8.580000

600.000000 0.000000 -1300.000000
0.000000 1.000000 0.000000
1.000000 1.000000 1.000000 1.000000
3.960000 8.580000

650.000000 0.000000 -1300.000000
0.000000 1.000000 0.000000
1.000000 1.000000 1.000000 1.000000
4.290000 8.580000

700.000000 0.000000 -1300.000000
0.000000 1.000000 0.000000
1.000000 1.000000 1.000000 1.000000
4.620000 8.580000

750.000000 0.000000 -1300.000000
0.000000 1.000000 0.000000
1.000000 1.000000 1.000000 1.000000
4.950000 8.580000

0.000000 0.000000 -1350.000000
0.000000 1.000000 0.000000
1.000000 1.000000 1.000000 1.000000
0.000000 8.910001

50.000000 0.000000 -1350.000000
0.000000 1.000000 0.000000
1.000000 1.000000 1.000000 1.000000
0.330000 8.910001

100.000000 0.000000 -1350.000000
0.000000 1.000000 0.000000
1.000000 1.000000 1.000000 1.000000
0.660000 8.910001

150.000000 0.000000 -1350.000000
0.000000 1.000000 0.000000
1.000000 1.000000 1.000000 1.000000
0.990000 8.910001

200.000000 0.000000 -1350.000000
0.000000 1.000000 0.000000
1.000000 1.000000 1.000000 1.000000
1.320000 8.910001

250.000000 0.000000 -1350.000000
0.000000 1.000000 0.000000
1.000000 1.000000 1.000000 1.000000
1.650000 8.910001

300.000000 0.000000 -1350.000000
0.000000 1.000000 0.000000
1.000000 1.000000 1.000000 1.000000
1.980000 8.910001

350.000000 0.000000 -1350.000000
0.000000 1.000000 0.000000
1.000000 1.000000 1.000000 1.000000
2.310000 8.910001

400.000000 0.000000 -1350.000000
0.000000 1.000000 0.000000
1.000000 1.000000 1.000000 1.000000
2.640000 8.910001

450.000000 0.000000 -1350.000000
0.000000 1.000000 0.000000
1.000000 1.000000 1.000000 1.000000
2.970000 8.910001

500.000000 0.000000 -1350.000000
0.000000 1.000000 0.000000
1.000000 1.000000 1.000000 1.000000
3.300000 8.910001

550.000000 0.000000 -1350.000000
0.000000 1.000000 0.000000
1.000000 1.000000 1.000000 1.000000
3.630000 8.910001

600.000000 0.000000 -1350.000000
0.000000 1.000000 0.000000
1.000000 1.000000 1.000000 1.000000
3.960000 8.910001

650.000000 0.000000 -1350.000000
0.000000 1.000000 0.000000
1.000000 1.000000 1.000000 1.000000
4.290000 8.910001

700.000000 0.000000 -1350.000000
0.000000 1.000000 0.000000
1.000000 1.000000 1.000000 1.000000
4.620000 8.910001

750.000000 0.000000 -1350.000000
0.000000 1.000000 0.000000
1.000000 1.000000 1.000000 1.000000
4.950000 8.910001

0.000000 0.000000 -1400.000000
0.000000 1.000000 0.000000
1.000000 1.000000 1.000000 1.000000
0.000000 9.240001

50.000000 0.000000 -1400.000000
0.000000 1.000000 0.000000
1.000000 1.000000 1.000000 1.000000
0.330000 9.240001

100.000000 0.000000 -1400.000000
0.000000 1.000000 0.000000
1.000000 1.000000 1.000000 1.000000
0.660000 9.240001

150.000000 0.000000 -1400.000000
0.000000 1.000000 0.000000
1.000000 1.000000 1.000000 1.000000
0.990000 9.240001

200.000000 0.000000 -1400.000000
0.000000 1.000000 0.000000
1.000000 1.000000 1.000000 1.000000
1.320000 9.240001

250.000000 0.000000 -1400.000000
0.000000 1.000000 0.000000
1.000000 1.000000 1.000000 1.000000
1.650000 9.240001

300.000000 0.000000 -1400.000000
0.000000 1.000000 0.000000
1.000000 1.000000 1.000000 1.000000
1.980000 9.240001

350.000000 0.000000 -1400.000000
0.000000 1.000000 0.000000
1.000000 1.000000 1.000000 1.000000
2.310000 9.240001

400.000000 0.000000 -1400.000000
0.000000 1.000000 0.000000
1.000000 1.000000 1.000000 1.000000
2.640000 9.240001

450.000000 0.000000 -1400.000000
0.000000 1.000000 0.000000
1.000000 1.000000 1.000000 1.000000
2.970000 9.240001

500.000000 0.000000 -1400.000000
0.000000 1.000000 0.000000
1.000000 1.000000 1.000000 1.000000
3.300000 9.240001

550.000000 0.000000 -1400.000000
0.000000 1.000000 0.000000
1.000000 1.000000 1.000000 1.000000
3.630000 9.240001

600.000000 0.000000 -1400.000000
0.000000 1.000000 0.000000
1.000000 1.000000 1.000000 1.000000
3.960000 9.240001

650.000000 0.000000 -1400.000000
0.000000 1.000000 0.000000
1.000000 1.000000 1.000000 1.000000
4.290000 9.240001

700.000000 0.000000 -1400.000000
0.000000 1.000000 0.000000
1.000000 1.000000 1.000000 1.000000
4.620000 9.240001

750.000000 0.000000 -1400.000000
0.000000 1.000000 0.000000
1.000000 1.000000 1.000000 1.000000
4.950000 9.240001

0.000000 0.000000 -1450.000000
0.000000 1.000000 0.000000
1.000000 1.000000 1.000000 1.000000
0.000000 9.570001

50.000000 0.000000 -1450.000000
0.000000 1.000000 0.000000
1.000000 1.000000 1.000000 1.000000
0.330000 9.570001

100.000000 0.000000 -1450.000000
0.000000 1.000000 0.000000
1.000000 1.000000 1.000000 1.000000
0.660000 9.570001

150.000000 0.000000 -1450.000000
0.000000 1.000000 0.000000
1.000000 1.000000 1.000000 1.000000
0.990000 9.570001

200.000000 0.000000 -1450.000000
0.000000 1.000000 0.000000
1.000000 1.000000 1.000000 1.000000
1.320000 9.570001

250.000000 0.000000 -1450.000000
0.000000 1.000000 0.000000
1.000000 1.000000 1.000000 1.000000
1.650000 9.570001

300.000000 0.000000 -1450.000000
0.000000 1.000000 0.000000
1.000000 1.000000 1.000000 1.000000
1.980000 9.570001

350.000000 0.000000 -1450.000000
0.000000 1.000000 0.000000
1.000000 1.000000 1.000000 1.000000
2.310000 9.570001

400.000000 0.000000 -1450.000000
0.000000 1.000000 0.000000
1.000000 1.000000 1.000000 1.000000
2.640000 9.570001

450.000000 0.000000 -1450.000000
0.000000 1.000000 0.000000
1.000000 1.000000 1.000000 1.000000
2.970000 9.570001

500.000000 0.000000 -1450.000000
0.000000 1.000000 0.000000
1.000000 1.000000 1.000000 1.000000
3.300000 9.570001

550.000000 0.000000 -1450.000000
0.000000 1.000000 0.000000
1.000000 1.000000 1.000000 1.000000
3.630000 9.570001

600.000000 0.000000 -1450.000000
0.000000 1.000000 0.000000
1.000000 1.000000 1.000000 1.000000
3.960000 9.570001

650.000000 0.000000 -1450.000000
0.000000 1.000000 0.000000
1.000000 1.000000 1.000000 1.000000
4.290000 9.570001

700.000000 0.000000 -1450.000000
0.000000 1.000000 0.000000
1.000000 1.000000 1.000000 1.000000
4.620000 9.570001

750.000000 0.000000 -1450.000000
0.000000 1.000000 0.000000
1.000000 1.000000 1.000000 1.000000
4.950000 9.570001

0.000000 0.000000 -1500.000000
0.000000 1.000000 0.000000
1.000000 1.000000 1.000000 1.000000
0.000000 9.900001

50.000000 0.000000 -1500.000000
0.000000 1.000000 0.000000
1.000000 1.000000 1.000000 1.000000
0.330000 9.900001

100.000000 0.000000 -1500.000000
0.000000 1.000000 0.000000
1.000000 1.000000 1.000000 1.000000
0.660000 9.900001

150.000000 0.000000 -1500.000000
0.000000 1.000000 0.000000
1.000000 1.000000 1.000000 1.000000
0.990000 9.900001

200.000000 0.000000 -1500.000000
0.000000 1.000000 0.000000
1.000000 1.000000 1.000000 1.000000
1.320000 9.900001

250.000000 0.000000 -1500.000000
0.000000 1.000000 0.000000
1.000000 1.000000 1.000000 1.000000
1.650000 9.900001

300.000000 0.000000 -1500.000000
0.000000 1.000000 0.000000
1.000000 1.000000 1.000000 1.000000
1.980000 9.900001

350.000000 0.000000 -1500.000000
0.000000 1.000000 0.000000
1.000000 1.000000 1.000000 1.000000
2.310000 9.900001

400.000000 0.000000 -1500.000000
0.000000 1.000000 0.000000
1.000000 1.000000 1.000000 1.000000
2.640000 9.900001

450.000000 0.000000 -1500.000000
0.000000 1.000000 0.000000
1.000000 1.000000 1.000000 1.000000
2.970000 9.900001

500.000000 0.000000 -1500.000000
0.000000 1.000000 0.000000
1.000000 1.000000 1.000000 1.000000
3.300000 9.900001

550.000000 0.000000 -1500.000000
0.000000 1.000000 0.000000
1.000000 1.000000 1.000000 1.000000
3.630000 9.900001

600.000000 0.000000 -1500.000000
0.000000 1.000000 0.000000
1.000000 1.000000 1.000000 1.000000
3.960000 9.900001

650.000000 0.000000 -1500.000000
0.000000 1.000000 0.000000
1.000000 1.000000 1.000000 1.000000
4.290000 9.900001

700.000000 0.000000 -1500.000000
0.000000 1.000000 0.000000
1.000000 1.000000 1.000000 1.000000
4.620000 9.900001

750.000000 0.000000 -1500.000000
0.000000 1.000000 0.000000
1.000000 1.000000 1.000000 1.000000
4.950000 9.900001

0.000000 0.000000 -1550.000000
0.000000 1.000000 0.000000
1.000000 1.000000 1.000000 1.000000
0.000000 10.230000

50.000000 0.000000 -1550.000000
0.000000 1.000000 0.000000
1.000000 1.000000 1.000000 1.000000
0.330000 10.230000

100.000000 0.000000 -1550.000000
0.000000 1.000000 0.000000
1.000000 1.000000 1.000000 1.000000
0.660000 10.230000

150.000000 0.000000 -1550.000000
0.000000 1.000000 0.000000
1.000000 1.000000 1.000000 1.000000
0.990000 10.230000

200.000000 0.000000 -1550.000000
0.000000 1.000000 0.000000
1.000000 1.000000 1.000000 1.000000
1.320000 10.230000

250.000000 0.000000 -1550.000000
0.000000 1.000000 0.000000
1.000000 1.000000 1.000000 1.000000
1.650000 10.230000

300.000000 0.000000 -1550.000000
0.000000 1.000000 0.000000
1.000000 1.000000 1.000000 1.000000
1.980000 10.230000

350.000000 0.000000 -1550.000000
0.000000 1.000000 0.000000
1.000000 1.000000 1.000000 1.000000
2.310000 10.230000

400.000000 0.000000 -1550.000000
0.000000 1.000000 0.000000
1.000000 1.000000 1.000000 1.000000
2.640000 10.230000

450.000000 0.000000 -1550.000000
0.000000 1.000000 0.000000
1.000000 1.000000 1.000000 1.000000
2.970000 10.230000

500.000000 0.000000 -1550.000000
0.000000 1.000000 0.000000
1.000000 1.000000 1.000000 1.000000
3.300000 10.230000

550.000000 0.000000 -1550.000000
0.000000 1.000000 0.000000
1.000000 1.000000 1.000000 1.000000
3.630000 10.230000

600.000000 0.000000 -1550.000000
0.000000 1.000000 0.000000
1.000000 1.000000 1.000000 1.000000
3.960000 10.230000

650.000000 0.000000 -1550.000000
0.000000 1.000000 0.000000
1.000000 1.000000 1.000000 1.000000
4.290000 10.230000

700.000000 0.000000 -1550.000000
0.000000 1.000000 0.000000
1.000000 1.000000 1.000000 1.000000
4.620000 10.230000

750.000000 0.000000 -1550.000000
0.000000 1.000000 0.000000
1.000000 1.000000 1.000000 1.000000
4.950000 10.230000

0.000000 0.000000 -1600.000000
0.000000 1.000000 0.000000
1.000000 1.000000 1.000000 1.000000
0.000000 10.560000

50.000000 0.000000 -1600.000000
0.000000 1.000000 0.000000
1.000000 1.000000 1.000000 1.000000
0.330000 10.560000

100.000000 0.000000 -1600.000000
0.000000 1.000000 0.000000
1.000000 1.000000 1.000000 1.000000
0.660000 10.560000

150.000000 0.000000 -1600.000000
0.000000 1.000000 0.000000
1.000000 1.000000 1.000000 1.000000
0.990000 10.560000

200.000000 0.000000 -1600.000000
0.000000 1.000000 0.000000
1.000000 1.000000 1.000000 1.000000
1.320000 10.560000

250.000000 0.000000 -1600.000000
0.000000 1.000000 0.000000
1.000000 1.000000 1.000000 1.000000
1.650000 10.560000

300.000000 0.000000 -1600.000000
0.000000 1.000000 0.000000
1.000000 1.000000 1.000000 1.000000
1.980000 10.560000

350.000000 0.000000 -1600.000000
0.000000 1.000000 0.000000
1.000000 1.000000 1.000000 1.000000
2.310000 10.560000

400.000000 0.000000 -1600.000000
0.000000 1.000000 0.000000
1.000000 1.000000 1.000000 1.000000
2.640000 10.560000

450.000000 0.000000 -1600.000000
0.000000 1.000000 0.000000
1.000000 1.000000 1.000000 1.000000
2.970000 10.560000

500.000000 0.000000 -1600.000000
0.000000 1.000000 0.000000
1.000000 1.000000 1.000000 1.000000
3.300000 10.560000

550.000000 0.000000 -1600.000000
0.000000 1.000000 0.000000
1.000000 1.000000 1.000000 1.000000
3.630000 10.560000

600.000000 0.000000 -1600.000000
0.000000 1.000000 0.000000
1.000000 1.000000 1.000000 1.000000
3.960000 10.560000

650.000000 0.000000 -1600.000000
0.000000 1.000000 0.000000
1.000000 1.000000 1.000000 1.000000
4.290000 10.560000

700.000000 0.000000 -1600.000000
0.000000 1.000000 0.000000
1.000000 1.000000 1.000000 1.000000
4.620000 10.560000

750.000000 0.000000 -1600.000000
0.000000 1.000000 0.000000
1.000000 1.000000 1.000000 1.000000
4.950000 10.560000

0.000000 0.000000 -1650.000000
0.000000 1.000000 0.000000
1.000000 1.000000 1.000000 1.000000
0.000000 10.890000

50.000000 0.000000 -1650.000000
0.000000 1.000000 0.000000
1.000000 1.000000 1.000000 1.000000
0.330000 10.890000

100.000000 0.000000 -1650.000000
0.000000 1.000000 0.000000
1.000000 1.000000 1.000000 1.000000
0.660000 10.890000

150.000000 0.000000 -1650.000000
0.000000 1.000000 0.000000
1.000000 1.000000 1.000000 1.000000
0.990000 10.890000

200.000000 0.000000 -1650.000000
0.000000 1.000000 0.000000
1.000000 1.000000 1.000000 1.000000
1.320000 10.890000

250.000000 0.000000 -1650.000000
0.000000 1.000000 0.000000
1.000000 1.000000 1.000000 1.000000
1.650000 10.890000

300.000000 0.000000 -1650.000000
0.000000 1.000000 0.000000
1.000000 1.000000 1.000000 1.000000
1.980000 10.890000

350.000000 0.000000 -1650.000000
0.000000 1.000000 0.000000
1.000000 1.000000 1.000000 1.000000
2.310000 10.890000

400.000000 0.000000 -1650.000000
0.000000 1.000000 0.000000
1.000000 1.000000 1.000000 1.000000
2.640000 10.890000

450.000000 0.000000 -1650.000000
0.000000 1.000000 0.000000
1.000000 1.000000 1.000000 1.000000
2.970000 10.890000

500.000000 0.000000 -1650.000000
0.000000 1.000000 0.000000
1.000000 1.000000 1.000000 1.000000
3.300000 10.890000

550.000000 0.000000 -1650.000000
0.000000 1.000000 0.000000
1.000000 1.000000 1.000000 1.000000
3.630000 10.890000

600.000000 0.000000 -1650.000000
0.000000 1.000000 0.000000
1.000000 1.000000 1.000000 1.000000
3.960000 10.890000

650.000000 0.000000 -1650.000000
0.000000 1.000000 0.000000
1.000000 1.000000 1.000000 1.000000
4.290000 10.890000

700.000000 0.000000 -1650.000000
0.000000 1.000000 0.000000
1.000000 1.000000 1.000000 1.000000
4.620000 10.890000

750.000000 0.000000 -1650.000000
0.000000 1.000000 0.000000
1.000000 1.000000 1.000000 1.000000
4.950000 10.890000

0.000000 0.000000 -1700.000000
0.000000 1.000000 0.000000
1.000000 1.000000 1.000000 1.000000
0.000000 11.220000

50.000000 0.000000 -1700.000000
0.000000 1.000000 0.000000
1.000000 1.000000 1.000000 1.000000
0.330000 11.220000

100.000000 0.000000 -1700.000000
0.000000 1.000000 0.000000
1.000000 1.000000 1.000000 1.000000
0.660000 11.220000

150.000000 0.000000 -1700.000000
0.000000 1.000000 0.000000
1.000000 1.000000 1.000000 1.000000
0.990000 11.220000

200.000000 0.000000 -1700.000000
0.000000 1.000000 0.000000
1.000000 1.000000 1.000000 1.000000
1.320000 11.220000

250.000000 0.000000 -1700.000000
0.000000 1.000000 0.000000
1.000000 1.000000 1.000000 1.000000
1.650000 11.220000

300.000000 0.000000 -1700.000000
0.000000 1.000000 0.000000
1.000000 1.000000 1.000000 1.000000
1.980000 11.220000

350.000000 0.000000 -1700.000000
0.000000 1.000000 0.000000
1.000000 1.000000 1.000000 1.000000
2.310000 11.220000

400.000000 0.000000 -1700.000000
0.000000 1.000000 0.000000
1.000000 1.000000 1.000000 1.000000
2.640000 11.220000

450.000000 0.000000 -1700.000000
0.000000 1.000000 0.000000
1.000000 1.000000 1.000000 1.000000
2.970000 11.220000

500.000000 0.000000 -1700.000000
0.000000 1.000000 0.000000
1.000000 1.000000 1.000000 1.000000
3.300000 11.220000

550.000000 0.000000 -1700.000000
0.000000 1.000000 0.000000
1.000000 1.000000 1.000000 1.000000
3.630000 11.220000

600.000000 0.000000 -1700.000000
0.000000 1.000000 0.000000
1.000000 1.000000 1.000000 1.000000
3.960000 11.220000

650.000000 0.000000 -1700.000000
0.000000 1.000000 0.000000
1.000000 1.000000 1.000000 1.000000
4.290000 11.220000

700.000000 0.000000 -1700.000000
0.000000 1.000000 0.000000
1.000000 1.000000 1.000000 1.000000
4.620000 11.220000

750.000000 0.000000 -1700.000000
0.000000 1.000000 0.000000
1.000000 1.000000 1.000000 1.000000
4.950000 11.220000

0.000000 0.000000 -1750.000000
0.000000 1.000000 0.000000
1.000000 1.000000 1.000000 1.000000
0.000000 11.550000

50.000000 0.000000 -1750.000000
0.000000 1.000000 0.000000
1.000000 1.000000 1.000000 1.000000
0.330000 11.550000

100.000000 0.000000 -1750.000000
0.000000 1.000000 0.000000
1.000000 1.000000 1.000000 1.000000
0.660000 11.550000

150.000000 0.000000 -1750.000000
0.000000 1.000000 0.000000
1.000000 1.000000 1.000000 1.000000
0.990000 11.550000

200.000000 0.000000 -1750.000000
0.000000 1.000000 0.000000
1.000000 1.000000 1.000000 1.000000
1.320000 11.550000

250.000000 0.000000 -1750.000000
0.000000 1.000000 0.000000
1.000000 1.000000 1.000000 1.000000
1.650000 11.550000

300.000000 0.000000 -1750.000000
0.000000 1.000000 0.000000
1.000000 1.000000 1.000000 1.000000
1.980000 11.550000

350.000000 0.000000 -1750.000000
0.000000 1.000000 0.000000
1.000000 1.000000 1.000000 1.000000
2.310000 11.550000

400.000000 0.000000 -1750.000000
0.000000 1.000000 0.000000
1.000000 1.000000 1.000000 1.000000
2.640000 11.550000

450.000000 0.000000 -1750.000000
0.000000 1.000000 0.000000
1.000000 1.000000 1.000000 1.000000
2.970000 11.550000

500.000000 0.000000 -1750.000000
0.000000 1.000000 0.000000
1.000000 1.000000 1.000000 1.000000
3.300000 11.550000

550.000000 0.000000 -1750.000000
0.000000 1.000000 0.000000
1.000000 1.000000 1.000000 1.000000
3.630000 11.550000

600.000000 0.000000 -1750.000000
0.000000 1.000000 0.000000
1.000000 1.000000 1.000000 1.000000
3.960000 11.550000

650.000000 0.000000 -1750.000000
0.000000 1.000000 0.000000
1.000000 1.000000 1.000000 1.000000
4.290000 11.550000

700.000000 0.000000 -1750.000000
0.000000 1.000000 0.000000
1.000000 1.000000 1.000000 1.000000
4.620000 11.550000

750.000000 0.000000 -1750.000000
0.000000 1.000000 0.000000
1.000000 1.000000 1.000000 1.000000
4.950000 11.550000

0.000000 0.000000 -1800.000000
0.000000 1.000000 0.000000
1.000000 1.000000 1.000000 1.000000
0.000000 11.880000

50.000000 0.000000 -1800.000000
0.000000 1.000000 0.000000
1.000000 1.000000 1.000000 1.000000
0.330000 11.880000

100.000000 0.000000 -1800.000000
0.000000 1.000000 0.000000
1.000000 1.000000 1.000000 1.000000
0.660000 11.880000

150.000000 0.000000 -1800.000000
0.000000 1.000000 0.000000
1.000000 1.000000 1.000000 1.000000
0.990000 11.880000

200.000000 0.000000 -1800.000000
0.000000 1.000000 0.000000
1.000000 1.000000 1.000000 1.000000
1.320000 11.880000

250.000000 0.000000 -1800.000000
0.000000 1.000000 0.000000
1.000000 1.000000 1.000000 1.000000
1.650000 11.880000

300.000000 0.000000 -1800.000000
0.000000 1.000000 0.000000
1.000000 1.000000 1.000000 1.000000
1.980000 11.880000

350.000000 0.000000 -1800.000000
0.000000 1.000000 0.000000
1.000000 1.000000 1.000000 1.000000
2.310000 11.880000

400.000000 0.000000 -1800.000000
0.000000 1.000000 0.000000
1.000000 1.000000 1.000000 1.000000
2.640000 11.880000

450.000000 0.000000 -1800.000000
0.000000 1.000000 0.000000
1.000000 1.000000 1.000000 1.000000
2.970000 11.880000

500.000000 0.000000 -1800.000000
0.000000 1.000000 0.000000
1.000000 1.000000 1.000000 1.000000
3.300000 11.880000

550.000000 0.000000 -1800.000000
0.000000 1.000000 0.000000
1.000000 1.000000 1.000000 1.000000
3.630000 11.880000

600.000000 0.000000 -1800.000000
0.000000 1.000000 0.000000
1.000000 1.000000 1.000000 1.000000
3.960000 11.880000

650.000000 0.000000 -1800.000000
0.000000 1.000000 0.000000
1.000000 1.000000 1.000000 1.000000
4.290000 11.880000

700.000000 0.000000 -1800.000000
0.000000 1.000000 0.000000
1.000000 1.000000 1.000000 1.000000
4.620000 11.880000

750.000000 0.000000 -1800.000000
0.000000 1.000000 0.000000
1.000000 1.000000 1.000000 1.000000
4.950000 11.880000

0.000000 0.000000 -1850.000000
0.000000 1.000000 0.000000
1.000000 1.000000 1.000000 1.000000
0.000000 12.210000

50.000000 0.000000 -1850.000000
0.000000 1.000000 0.000000
1.000000 1.000000 1.000000 1.000000
0.330000 12.210000

100.000000 0.000000 -1850.000000
0.000000 1.000000 0.000000
1.000000 1.000000 1.000000 1.000000
0.660000 12.210000

150.000000 0.000000 -1850.000000
0.000000 1.000000 0.000000
1.000000 1.000000 1.000000 1.000000
0.990000 12.210000

200.000000 0.000000 -1850.000000
0.000000 1.000000 0.000000
1.000000 1.000000 1.000000 1.000000
1.320000 12.210000

250.000000 0.000000 -1850.000000
0.000000 1.000000 0.000000
1.000000 1.000000 1.000000 1.000000
1.650000 12.210000

300.000000 0.000000 -1850.000000
0.000000 1.000000 0.000000
1.000000 1.000000 1.000000 1.000000
1.980000 12.210000

350.000000 0.000000 -1850.000000
0.000000 1.000000 0.000000
1.000000 1.000000 1.000000 1.000000
2.310000 12.210000

400.000000 0.000000 -1850.000000
0.000000 1.000000 0.000000
1.000000 1.000000 1.000000 1.000000
2.640000 12.210000

450.000000 0.000000 -1850.000000
0.000000 1.000000 0.000000
1.000000 1.000000 1.000000 1.000000
2.970000 12.210000

500.000000 0.000000 -1850.000000
0.000000 1.000000 0.000000
1.000000 1.000000 1.000000 1.000000
3.300000 12.210000

550.000000 0.000000 -1850.000000
0.000000 1.000000 0.000000
1.000000 1.000000 1.000000 1.000000
3.630000 12.210000

600.000000 0.000000 -1850.000000
0.000000 1.000000 0.000000
1.000000 1.000000 1.000000 1.000000
3.960000 12.210000

650.000000 0.000000 -1850.000000
0.000000 1.000000 0.000000
1.000000 1.000000 1.000000 1.000000
4.290000 12.210000

700.000000 0.000000 -1850.000000
0.000000 1.000000 0.000000
1.000000 1.000000 1.000000 1.000000
4.620000 12.210000

750.000000 0.000000 -1850.000000
0.000000 1.000000 0.000000
1.000000 1.000000 1.000000 1.000000
4.950000 12.210000

0.000000 0.000000 -1900.000000
0.000000 1.000000 0.000000
1.000000 1.000000 1.000000 1.000000
0.000000 12.540001

50.000000 0.000000 -1900.000000
0.000000 1.000000 0.000000
1.000000 1.000000 1.000000 1.000000
0.330000 12.540001

100.000000 0.000000 -1900.000000
0.000000 1.000000 0.000000
1.000000 1.000000 1.000000 1.000000
0.660000 12.540001

150.000000 0.000000 -1900.000000
0.000000 1.000000 0.000000
1.000000 1.000000 1.000000 1.000000
0.990000 12.540001

200.000000 0.000000 -1900.000000
0.000000 1.000000 0.000000
1.000000 1.000000 1.000000 1.000000
1.320000 12.540001

250.000000 0.000000 -1900.000000
0.000000 1.000000 0.000000
1.000000 1.000000 1.000000 1.000000
1.650000 12.540001

300.000000 0.000000 -1900.000000
0.000000 1.000000 0.000000
1.000000 1.000000 1.000000 1.000000
1.980000 12.540001

350.000000 0.000000 -1900.000000
0.000000 1.000000 0.000000
1.000000 1.000000 1.000000 1.000000
2.310000 12.540001

400.000000 0.000000 -1900.000000
0.000000 1.000000 0.000000
1.000000 1.000000 1.000000 1.000000
2.640000 12.540001

450.000000 0.000000 -1900.000000
0.000000 1.000000 0.000000
1.000000 1.000000 1.000000 1.000000
2.970000 12.540001

500.000000 0.000000 -1900.000000
0.000000 1.000000 0.000000
1.000000 1.000000 1.000000 1.000000
3.300000 12.540001

550.000000 0.000000 -1900.000000
0.000000 1.000000 0.000000
1.000000 1.000000 1.000000 1.000000
3.630000 12.540001

600.000000 0.000000 -1900.000000
0.000000 1.000000 0.000000
1.000000 1.000000 1.000000 1.000000
3.960000 12.540001

650.000000 0.000000 -1900.000000
0.000000 1.000000 0.000000
1.000000 1.000000 1.000000 1.000000
4.290000 12.540001

700.000000 0.000000 -1900.000000
0.000000 1.000000 0.000000
1.000000 1.000000 1.000000 1.000000
4.620000 12.540001

750.000000 0.000000 -1900.000000
0.000000 1.000000 0.000000
1.000000 1.000000 1.000000 1.000000
4.950000 12.540001

0.000000 0.000000 -1950.000000
0.000000 1.000000 0.000000
1.000000 1.000000 1.000000 1.000000
0.000000 12.870001

50.000000 0.000000 -1950.000000
0.000000 1.000000 0.000000
1.000000 1.000000 1.000000 1.000000
0.330000 12.870001

100.000000 0.000000 -1950.000000
0.000000 1.000000 0.000000
1.000000 1.000000 1.000000 1.000000
0.660000 12.870001

150.000000 0.000000 -1950.000000
0.000000 1.000000 0.000000
1.000000 1.000000 1.000000 1.000000
0.990000 12.870001

200.000000 0.000000 -1950.000000
0.000000 1.000000 0.000000
1.000000 1.000000 1.000000 1.000000
1.320000 12.870001

250.000000 0.000000 -1950.000000
0.000000 1.000000 0.000000
1.000000 1.000000 1.000000 1.000000
1.650000 12.870001

300.000000 0.000000 -1950.000000
0.000000 1.000000 0.000000
1.000000 1.000000 1.000000 1.000000
1.980000 12.870001

350.000000 0.000000 -1950.000000
0.000000 1.000000 0.000000
1.000000 1.000000 1.000000 1.000000
2.310000 12.870001

400.000000 0.000000 -1950.000000
0.000000 1.000000 0.000000
1.000000 1.000000 1.000000 1.000000
2.640000 12.870001

450.000000 0.000000 -1950.000000
0.000000 1.000000 0.000000
1.000000 1.000000 1.000000 1.000000
2.970000 12.870001

500.000000 0.000000 -1950.000000
0.000000 1.000000 0.000000
1.000000 1.000000 1.000000 1.000000
3.300000 12.870001

550.000000 0.000000 -1950.000000
0.000000 1.000000 0.000000
1.000000 1.000000 1.000000 1.000000
3.630000 12.870001

600.000000 0.000000 -1950.000000
0.000000 1.000000 0.000000
1.000000 1.000000 1.000000 1.000000
3.960000 12.870001

650.000000 0.000000 -1950.000000
0.000000 1.000000 0.000000
1.000000 1.000000 1.000000 1.000000
4.290000 12.870001

700.000000 0.000000 -1950.000000
0.000000 1.000000 0.000000
1.000000 1.000000 1.000000 1.000000
4.620000 12.870001

750.000000 0.000000 -1950.000000
0.000000 1.000000 0.000000
1.000000 1.000000 1.000000 1.000000
4.950000 12.870001

0.000000 0.000000 -2000.000000
0.000000 1.000000 0.000000
1.000000 1.000000 1.000000 1.000000
0.000000 13.200001

50.000000 0.000000 -2000.000000
0.000000 1.000000 0.000000
1.000000 1.000000 1.000000 1.000000
0.330000 13.200001

100.000000 0.000000 -2000.000000
0.000000 1.000000 0.000000
1.000000 1.000000 1.000000 1.000000
0.660000 13.200001

150.000000 0.000000 -2000.000000
0.000000 1.000000 0.000000
1.000000 1.000000 1.000000 1.000000
0.990000 13.200001

200.000000 0.000000 -2000.000000
0.000000 1.000000 0.000000
1.000000 1.000000 1.000000 1.000000
1.320000 13.200001

250.000000 0.000000 -2000.000000
0.000000 1.000000 0.000000
1.000000 1.000000 1.000000 1.000000
1.650000 13.200001

300.000000 0.000000 -2000.000000
0.000000 1.000000 0.000000
1.000000 1.000000 1.000000 1.000000
1.980000 13.200001

350.000000 0.000000 -2000.000000
0.000000 1.000000 0.000000
1.000000 1.000000 1.000000 1.000000
2.310000 13.200001

400.000000 0.000000 -2000.000000
0.000000 1.000000 0.000000
1.000000 1.000000 1.000000 1.000000
2.640000 13.200001

450.000000 0.000000 -2000.000000
0.000000 1.000000 0.000000
1.000000 1.000000 1.000000 1.000000
2.970000 13.200001

500.000000 0.000000 -2000.000000
0.000000 1.000000 0.000000
1.000000 1.000000 1.000000 1.000000
3.300000 13.200001

550.000000 0.000000 -2000.000000
0.000000 1.000000 0.000000
1.000000 1.000000 1.000000 1.000000
3.630000 13.200001

600.000000 0.000000 -2000.000000
0.000000 1.000000 0.000000
1.000000 1.000000 1.000000 1.000000
3.960000 13.200001

650.000000 0.000000 -2000.000000
0.000000 1.000000 0.000000
1.000000 1.000000 1.000000 1.000000
4.290000 13.200001

700.000000 0.000000 -2000.000000
0.000000 1.000000 0.000000
1.000000 1.000000 1.000000 1.000000
4.620000 13.200001

750.000000 0.000000 -2000.000000
0.000000 1.000000 0.000000
1.000000 1.000000 1.000000 1.000000
4.950000 13.200001

0.000000 0.000000 -2050.000000
0.000000 1.000000 0.000000
1.000000 1.000000 1.000000 1.000000
0.000000 13.530001

50.000000 0.000000 -2050.000000
0.000000 1.000000 0.000000
1.000000 1.000000 1.000000 1.000000
0.330000 13.530001

100.000000 0.000000 -2050.000000
0.000000 1.000000 0.000000
1.000000 1.000000 1.000000 1.000000
0.660000 13.530001

150.000000 0.000000 -2050.000000
0.000000 1.000000 0.000000
1.000000 1.000000 1.000000 1.000000
0.990000 13.530001

200.000000 0.000000 -2050.000000
0.000000 1.000000 0.000000
1.000000 1.000000 1.000000 1.000000
1.320000 13.530001

250.000000 0.000000 -2050.000000
0.000000 1.000000 0.000000
1.000000 1.000000 1.000000 1.000000
1.650000 13.530001

300.000000 0.000000 -2050.000000
0.000000 1.000000 0.000000
1.000000 1.000000 1.000000 1.000000
1.980000 13.530001

350.000000 0.000000 -2050.000000
0.000000 1.000000 0.000000
1.000000 1.000000 1.000000 1.000000
2.310000 13.530001

400.000000 0.000000 -2050.000000
0.000000 1.000000 0.000000
1.000000 1.000000 1.000000 1.000000
2.640000 13.530001

450.000000 0.000000 -2050.000000
0.000000 1.000000 0.000000
1.000000 1.000000 1.000000 1.000000
2.970000 13.530001

500.000000 0.000000 -2050.000000
0.000000 1.000000 0.000000
1.000000 1.000000 1.000000 1.000000
3.300000 13.530001

550.000000 0.000000 -2050.000000
0.000000 1.000000 0.000000
1.000000 1.000000 1.000000 1.000000
3.630000 13.530001

600.000000 0.000000 -2050.000000
0.000000 1.000000 0.000000
1.000000 1.000000 1.000000 1.000000
3.960000 13.530001

650.000000 0.000000 -2050.000000
0.000000 1.000000 0.000000
1.000000 1.000000 1.000000 1.000000
4.290000 13.530001

700.000000 0.000000 -2050.000000
0.000000 1.000000 0.000000
1.000000 1.000000 1.000000 1.000000
4.620000 13.530001

750.000000 0.000000 -2050.000000
0.000000 1.000000 0.000000
1.000000 1.000000 1.000000 1.000000
4.950000 13.530001

0.000000 0.000000 -2100.000000
0.000000 1.000000 0.000000
1.000000 1.000000 1.000000 1.000000
0.000000 13.860001

50.000000 0.000000 -2100.000000
0.000000 1.000000 0.000000
1.000000 1.000000 1.000000 1.000000
0.330000 13.860001

100.000000 0.000000 -2100.000000
0.000000 1.000000 0.000000
1.000000 1.000000 1.000000 1.000000
0.660000 13.860001

150.000000 0.000000 -2100.000000
0.000000 1.000000 0.000000
1.000000 1.000000 1.000000 1.000000
0.990000 13.860001

200.000000 0.000000 -2100.000000
0.000000 1.000000 0.000000
1.000000 1.000000 1.000000 1.000000
1.320000 13.860001

250.000000 0.000000 -2100.000000
0.000000 1.000000 0.000000
1.000000 1.000000 1.000000 1.000000
1.650000 13.860001

300.000000 0.000000 -2100.000000
0.000000 1.000000 0.000000
1.000000 1.000000 1.000000 1.000000
1.980000 13.860001

350.000000 0.000000 -2100.000000
0.000000 1.000000 0.000000
1.000000 1.000000 1.000000 1.000000
2.310000 13.860001

400.000000 0.000000 -2100.000000
0.000000 1.000000 0.000000
1.000000 1.000000 1.000000 1.000000
2.640000 13.860001

450.000000 0.000000 -2100.000000
0.000000 1.000000 0.000000
1.000000 1.000000 1.000000 1.000000
2.970000 13.860001

500.000000 0.000000 -2100.000000
0.000000 1.000000 0.000000
1.000000 1.000000 1.000000 1.000000
3.300000 13.860001

550.000000 0.000000 -2100.000000
0.000000 1.000000 0.000000
1.000000 1.000000 1.000000 1.000000
3.630000 13.860001

600.000000 0.000000 -2100.000000
0.000000 1.000000 0.000000
1.000000 1.000000 1.000000 1.000000
3.960000 13.860001

650.000000 0.000000 -2100.000000
0.000000 1.000000 0.000000
1.000000 1.000000 1.000000 1.000000
4.290000 13.860001

700.000000 0.000000 -2100.000000
0.000000 1.000000 0.000000
1.000000 1.000000 1.000000 1.000000
4.620000 13.860001

750.000000 0.000000 -2100.000000
0.000000 1.000000 0.000000
1.000000 1.000000 1.000000 1.000000
4.950000 13.860001

0.000000 0.000000 -2150.000000
0.000000 1.000000 0.000000
1.000000 1.000000 1.000000 1.000000
0.000000 14.190001

50.000000 0.000000 -2150.000000
0.000000 1.000000 0.000000
1.000000 1.000000 1.000000 1.000000
0.330000 14.190001

100.000000 0.000000 -2150.000000
0.000000 1.000000 0.000000
1.000000 1.000000 1.000000 1.000000
0.660000 14.190001

150.000000 0.000000 -2150.000000
0.000000 1.000000 0.000000
1.000000 1.000000 1.000000 1.000000
0.990000 14.190001

200.000000 0.000000 -2150.000000
0.000000 1.000000 0.000000
1.000000 1.000000 1.000000 1.000000
1.320000 14.190001

250.000000 0.000000 -2150.000000
0.000000 1.000000 0.000000
1.000000 1.000000 1.000000 1.000000
1.650000 14.190001

300.000000 0.000000 -2150.000000
0.000000 1.000000 0.000000
1.000000 1.000000 1.000000 1.000000
1.980000 14.190001

350.000000 0.000000 -2150.000000
0.000000 1.000000 0.000000
1.000000 1.000000 1.000000 1.000000
2.310000 14.190001

400.000000 0.000000 -2150.000000
0.000000 1.000000 0.000000
1.000000 1.000000 1.000000 1.000000
2.640000 14.190001

450.000000 0.000000 -2150.000000
0.000000 1.000000 0.000000
1.000000 1.000000 1.000000 1.000000
2.970000 14.190001

500.000000 0.000000 -2150.000000
0.000000 1.000000 0.000000
1.000000 1.000000 1.000000 1.000000
3.300000 14.190001

550.000000 0.000000 -2150.000000
0.000000 1.000000 0.000000
1.000000 1.000000 1.000000 1.000000
3.630000 14.190001

600.000000 0.000000 -2150.000000
0.000000 1.000000 0.000000
1.000000 1.000000 1.000000 1.000000
3.960000 14.190001

650.000000 0.000000 -2150.000000
0.000000 1.000000 0.000000
1.000000 1.000000 1.000000 1.000000
4.290000 14.190001

700.000000 0.000000 -2150.000000
0.000000 1.000000 0.000000
1.000000 1.000000 1.000000 1.000000
4.620000 14.190001

750.000000 0.000000 -2150.000000
0.000000 1.000000 0.000000
1.000000 1.000000 1.000000 1.000000
4.950000 14.190001

0.000000 0.000000 -2200.000000
0.000000 1.000000 0.000000
1.000000 1.000000 1.000000 1.000000
0.000000 14.520000

50.000000 0.000000 -2200.000000
0.000000 1.000000 0.000000
1.000000 1.000000 1.000000 1.000000
0.330000 14.520000

100.000000 0.000000 -2200.000000
0.000000 1.000000 0.000000
1.000000 1.000000 1.000000 1.000000
0.660000 14.520000

150.000000 0.000000 -2200.000000
0.000000 1.000000 0.000000
1.000000 1.000000 1.000000 1.000000
0.990000 14.520000

200.000000 0.000000 -2200.000000
0.000000 1.000000 0.000000
1.000000 1.000000 1.000000 1.000000
1.320000 14.520000

250.000000 0.000000 -2200.000000
0.000000 1.000000 0.000000
1.000000 1.000000 1.000000 1.000000
1.650000 14.520000

300.000000 0.000000 -2200.000000
0.000000 1.000000 0.000000
1.000000 1.000000 1.000000 1.000000
1.980000 14.520000

350.000000 0.000000 -2200.000000
0.000000 1.000000 0.000000
1.000000 1.000000 1.000000 1.000000
2.310000 14.520000

400.000000 0.000000 -2200.000000
0.000000 1.000000 0.000000
1.000000 1.000000 1.000000 1.000000
2.640000 14.520000

450.000000 0.000000 -2200.000000
0.000000 1.000000 0.000000
1.000000 1.000000 1.000000 1.000000
2.970000 14.520000

500.000000 0.000000 -2200.000000
0.000000 1.000000 0.000000
1.000000 1.000000 1.000000 1.000000
3.300000 14.520000

550.000000 0.000000 -2200.000000
0.000000 1.000000 0.000000
1.000000 1.000000 1.000000 1.000000
3.630000 14.520000

600.000000 0.000000 -2200.000000
0.000000 1.000000 0.000000
1.000000 1.000000 1.000000 1.000000
3.960000 14.520000

650.000000 0.000000 -2200.000000
0.000000 1.000000 0.000000
1.000000 1.000000 1.000000 1.000000
4.290000 14.520000

700.000000 0.000000 -2200.000000
0.000000 1.000000 0.000000
1.000000 1.000000 1.000000 1.000000
4.620000 14.520000

750.000000 0.000000 -2200.000000
0.000000 1.000000 0.000000
1.000000 1.000000 1.000000 1.000000
4.950000 14.520000

0.000000 0.000000 -2250.000000
0.000000 1.000000 0.000000
1.000000 1.000000 1.000000 1.000000
0.000000 14.850000

50.000000 0.000000 -2250.000000
0.000000 1.000000 0.000000
1.000000 1.000000 1.000000 1.000000
0.330000 14.850000

100.000000 0.000000 -2250.000000
0.000000 1.000000 0.000000
1.000000 1.000000 1.000000 1.000000
0.660000 14.850000

150.000000 0.000000 -2250.000000
0.000000 1.000000 0.000000
1.000000 1.000000 1.000000 1.000000
0.990000 14.850000

200.000000 0.000000 -2250.000000
0.000000 1.000000 0.000000
1.000000 1.000000 1.000000 1.000000
1.320000 14.850000

250.000000 0.000000 -2250.000000
0.000000 1.000000 0.000000
1.000000 1.000000 1.000000 1.000000
1.650000 14.850000

300.000000 0.000000 -2250.000000
0.000000 1.000000 0.000000
1.000000 1.000000 1.000000 1.000000
1.980000 14.850000

350.000000 0.000000 -2250.000000
0.000000 1.000000 0.000000
1.000000 1.000000 1.000000 1.000000
2.310000 14.850000

400.000000 0.000000 -2250.000000
0.000000 1.000000 0.000000
1.000000 1.000000 1.000000 1.000000
2.640000 14.850000

450.000000 0.000000 -2250.000000
0.000000 1.000000 0.000000
1.000000 1.000000 1.000000 1.000000
2.970000 14.850000

500.000000 0.000000 -2250.000000
0.000000 1.000000 0.000000
1.000000 1.000000 1.000000 1.000000
3.300000 14.850000

550.000000 0.000000 -2250.000000
0.000000 1.000000 0.000000
1.000000 1.000000 1.000000 1.000000
3.630000 14.850000

600.000000 0.000000 -2250.000000
0.000000 1.000000 0.000000
1.000000 1.000000 1.000000 1.000000
3.960000 14.850000

650.000000 0.000000 -2250.000000
0.000000 1.000000 0.000000
1.000000 1.000000 1.000000 1.000000
4.290000 14.850000

700.000000 0.000000 -2250.000000
0.000000 1.000000 0.000000
1.000000 1.000000 1.000000 1.000000
4.620000 14.850000

750.000000 0.000000 -2250.000000
0.000000 1.000000 0.000000
1.000000 1.000000 1.000000 1.000000
4.950000 14.850000

0.000000 0.000000 -2300.000000
0.000000 1.000000 0.000000
1.000000 1.000000 1.000000 1.000000
0.000000 15.180000

50.000000 0.000000 -2300.000000
0.000000 1.000000 0.000000
1.000000 1.000000 1.000000 1.000000
0.330000 15.180000

100.000000 0.000000 -2300.000000
0.000000 1.000000 0.000000
1.000000 1.000000 1.000000 1.000000
0.660000 15.180000

150.000000 0.000000 -2300.000000
0.000000 1.000000 0.000000
1.000000 1.000000 1.000000 1.000000
0.990000 15.180000

200.000000 0.000000 -2300.000000
0.000000 1.000000 0.000000
1.000000 1.000000 1.000000 1.000000
1.320000 15.180000

250.000000 0.000000 -2300.000000
0.000000 1.000000 0.000000
1.000000 1.000000 1.000000 1.000000
1.650000 15.180000

300.000000 0.000000 -2300.000000
0.000000 1.000000 0.000000
1.000000 1.000000 1.000000 1.000000
1.980000 15.180000

350.000000 0.000000 -2300.000000
0.000000 1.000000 0.000000
1.000000 1.000000 1.000000 1.000000
2.310000 15.180000

400.000000 0.000000 -2300.000000
0.000000 1.000000 0.000000
1.000000 1.000000 1.000000 1.000000
2.640000 15.180000

450.000000 0.000000 -2300.000000
0.000000 1.000000 0.000000
1.000000 1.000000 1.000000 1.000000
2.970000 15.180000

500.000000 0.000000 -2300.000000
0.000000 1.000000 0.000000
1.000000 1.000000 1.000000 1.000000
3.300000 15.180000

550.000000 0.000000 -2300.000000
0.000000 1.000000 0.000000
1.000000 1.000000 1.000000 1.000000
3.630000 15.180000

600.000000 0.000000 -2300.000000
0.000000 1.000000 0.000000
1.000000 1.000000 1.000000 1.000000
3.960000 15.180000

650.000000 0.000000 -2300.000000
0.000000 1.000000 0.000000
1.000000 1.000000 1.000000 1.000000
4.290000 15.180000

700.000000 0.000000 -2300.000000
0.000000 1.000000 0.000000
1.000000 1.000000 1.000000 1.000000
4.620000 15.180000

750.000000 0.000000 -2300.000000
0.000000 1.000000 0.000000
1.000000 1.000000 1.000000 1.000000
4.950000 15.180000

