96 12 8

100.000000 -500.000000 -250.000000
0.000000 1.000000 0.000000
1.000000 1.000000 1.000000 1.000000
0.000000 0.000000

100.000000 -500.000000 -250.000000
0.000000 0.000000 1.000000
1.000000 1.000000 1.000000 1.000000
1.000000 0.000000

200.000000 -500.000000 -250.000000
0.000000 0.000000 1.000000
1.000000 1.000000 1.000000 1.000000
2.000000 0.000000

300.000000 -500.000000 -250.000000
0.000000 0.000000 1.000000
1.000000 1.000000 1.000000 1.000000
3.000000 0.000000

400.000000 -500.000000 -250.000000
0.000000 0.000000 1.000000
1.000000 1.000000 1.000000 1.000000
4.000000 0.000000

500.000000 -500.000000 -250.000000
0.000000 0.000000 1.000000
1.000000 1.000000 1.000000 1.000000
5.000000 0.000000

600.000000 -500.000000 -250.000000
0.000000 0.000000 1.000000
1.000000 1.000000 1.000000 1.000000
6.000000 0.000000

700.000000 -500.000000 -250.000000
0.000000 1.000000 0.000000
1.000000 1.000000 1.000000 1.000000
7.000000 0.000000

100.000000 -500.000000 -250.000000
-1.000000 0.000000 0.000000
1.000000 1.000000 1.000000 1.000000
-0.426998 1.000000

100.000000 0.000000 -250.000000
-0.408248 0.816497 0.408248
1.000000 1.000000 1.000000 1.000000
1.000000 1.000000

200.000000 0.000000 -250.000000
0.000000 0.707107 0.707107
1.000000 1.000000 1.000000 1.000000
2.000000 1.000000

300.000000 0.000000 -250.000000
0.000000 0.707107 0.707107
1.000000 1.000000 1.000000 1.000000
3.000000 1.000000

400.000000 0.000000 -250.000000
0.000000 0.707107 0.707107
1.000000 1.000000 1.000000 1.000000
4.000000 1.000000

500.000000 0.000000 -250.000000
0.000000 0.707107 0.707107
1.000000 1.000000 1.000000 1.000000
5.000000 1.000000

600.000000 0.000000 -250.000000
0.666667 0.333333 0.666667
1.000000 1.000000 1.000000 1.000000
6.000000 1.000000

600.000000 -500.000000 -250.000000
1.000000 0.000000 0.000000
1.000000 1.000000 1.000000 1.000000
7.639954 1.000000

100.000000 -500.000000 -500.000000
-1.000000 0.000000 0.000000
1.000000 1.000000 1.000000 1.000000
-0.426998 2.000000

100.000000 0.000000 -500.000000
-0.707107 0.707107 0.000000
1.000000 1.000000 1.000000 1.000000
1.000000 2.000000

200.000000 0.000000 -500.000000
0.000000 1.000000 0.000000
1.000000 1.000000 1.000000 1.000000
2.000000 2.000000

300.000000 0.000000 -500.000000
0.000000 1.000000 0.000000
1.000000 1.000000 1.000000 1.000000
3.000000 2.000000

400.000000 0.000000 -500.000000
0.000000 1.000000 0.000000
1.000000 1.000000 1.000000 1.000000
4.000000 2.000000

500.000000 0.000000 -500.000000
0.000000 1.000000 0.000000
1.000000 1.000000 1.000000 1.000000
5.000000 2.000000

600.000000 0.000000 -500.000000
0.707107 0.707107 0.000000
1.000000 1.000000 1.000000 1.000000
6.000000 2.000000

600.000000 -500.000000 -500.000000
1.000000 0.000000 0.000000
1.000000 1.000000 1.000000 1.000000
7.639954 2.000000

100.000000 -500.000000 -750.000000
-1.000000 0.000000 0.000000
1.000000 1.000000 1.000000 1.000000
-0.426998 3.000000

100.000000 0.000000 -750.000000
-0.707107 0.707107 0.000000
1.000000 1.000000 1.000000 1.000000
1.000000 3.000000

200.000000 0.000000 -750.000000
0.000000 1.000000 0.000000
1.000000 1.000000 1.000000 1.000000
2.000000 3.000000

300.000000 0.000000 -750.000000
0.000000 1.000000 0.000000
1.000000 1.000000 1.000000 1.000000
3.000000 3.000000

400.000000 0.000000 -750.000000
0.000000 1.000000 0.000000
1.000000 1.000000 1.000000 1.000000
4.000000 3.000000

500.000000 0.000000 -750.000000
0.000000 1.000000 0.000000
1.000000 1.000000 1.000000 1.000000
5.000000 3.000000

600.000000 0.000000 -750.000000
0.707107 0.707107 0.000000
1.000000 1.000000 1.000000 1.000000
6.000000 3.000000

600.000000 -500.000000 -750.000000
1.000000 0.000000 0.000000
1.000000 1.000000 1.000000 1.000000
7.639954 3.000000

100.000000 -500.000000 -1000.000000
-1.000000 0.000000 0.000000
1.000000 1.000000 1.000000 1.000000
-0.426998 4.000000

100.000000 0.000000 -1000.000000
-0.707107 0.707107 0.000000
1.000000 1.000000 1.000000 1.000000
1.000000 4.000000

200.000000 0.000000 -1000.000000
0.000000 1.000000 0.000000
1.000000 1.000000 1.000000 1.000000
2.000000 4.000000

300.000000 0.000000 -1000.000000
0.000000 1.000000 0.000000
1.000000 1.000000 1.000000 1.000000
3.000000 4.000000

400.000000 0.000000 -1000.000000
0.000000 1.000000 0.000000
1.000000 1.000000 1.000000 1.000000
4.000000 4.000000

500.000000 0.000000 -1000.000000
0.000000 1.000000 0.000000
1.000000 1.000000 1.000000 1.000000
5.000000 4.000000

600.000000 0.000000 -1000.000000
0.707107 0.707107 0.000000
1.000000 1.000000 1.000000 1.000000
6.000000 4.000000

600.000000 -500.000000 -1000.000000
1.000000 0.000000 0.000000
1.000000 1.000000 1.000000 1.000000
7.639954 4.000000

100.000000 -500.000000 -1250.000000
-1.000000 0.000000 0.000000
1.000000 1.000000 1.000000 1.000000
-0.426998 5.000000

100.000000 0.000000 -1250.000000
-0.707107 0.707107 0.000000
1.000000 1.000000 1.000000 1.000000
1.000000 5.000000

200.000000 0.000000 -1250.000000
0.000000 1.000000 0.000000
1.000000 1.000000 1.000000 1.000000
2.000000 5.000000

300.000000 0.000000 -1250.000000
0.000000 1.000000 0.000000
1.000000 1.000000 1.000000 1.000000
3.000000 5.000000

400.000000 0.000000 -1250.000000
0.000000 1.000000 0.000000
1.000000 1.000000 1.000000 1.000000
4.000000 5.000000

500.000000 0.000000 -1250.000000
0.000000 1.000000 0.000000
1.000000 1.000000 1.000000 1.000000
5.000000 5.000000

600.000000 0.000000 -1250.000000
0.707107 0.707107 0.000000
1.000000 1.000000 1.000000 1.000000
6.000000 5.000000

600.000000 -500.000000 -1250.000000
1.000000 0.000000 0.000000
1.000000 1.000000 1.000000 1.000000
7.639954 5.000000

100.000000 -500.000000 -1500.000000
-1.000000 0.000000 0.000000
1.000000 1.000000 1.000000 1.000000
-0.426998 6.000000

100.000000 0.000000 -1500.000000
-0.707107 0.707107 0.000000
1.000000 1.000000 1.000000 1.000000
1.000000 6.000000

200.000000 0.000000 -1500.000000
0.000000 1.000000 0.000000
1.000000 1.000000 1.000000 1.000000
2.000000 6.000000

300.000000 0.000000 -1500.000000
0.000000 1.000000 0.000000
1.000000 1.000000 1.000000 1.000000
3.000000 6.000000

400.000000 0.000000 -1500.000000
0.000000 1.000000 0.000000
1.000000 1.000000 1.000000 1.000000
4.000000 6.000000

500.000000 0.000000 -1500.000000
0.000000 1.000000 0.000000
1.000000 1.000000 1.000000 1.000000
5.000000 6.000000

600.000000 0.000000 -1500.000000
0.707107 0.707107 0.000000
1.000000 1.000000 1.000000 1.000000
6.000000 6.000000

600.000000 -500.000000 -1500.000000
1.000000 0.000000 0.000000
1.000000 1.000000 1.000000 1.000000
7.639954 6.000000

100.000000 -500.000000 -1750.000000
-1.000000 0.000000 0.000000
1.000000 1.000000 1.000000 1.000000
-0.426998 7.000000

100.000000 0.000000 -1750.000000
-0.707107 0.707107 0.000000
1.000000 1.000000 1.000000 1.000000
1.000000 7.000000

200.000000 0.000000 -1750.000000
0.000000 1.000000 0.000000
1.000000 1.000000 1.000000 1.000000
2.000000 7.000000

300.000000 0.000000 -1750.000000
0.000000 1.000000 0.000000
1.000000 1.000000 1.000000 1.000000
3.000000 7.000000

400.000000 0.000000 -1750.000000
0.000000 1.000000 0.000000
1.000000 1.000000 1.000000 1.000000
4.000000 7.000000

500.000000 0.000000 -1750.000000
0.000000 1.000000 0.000000
1.000000 1.000000 1.000000 1.000000
5.000000 7.000000

600.000000 0.000000 -1750.000000
0.707107 0.707107 0.000000
1.000000 1.000000 1.000000 1.000000
6.000000 7.000000

600.000000 -500.000000 -1750.000000
1.000000 0.000000 0.000000
1.000000 1.000000 1.000000 1.000000
7.639954 7.000000

100.000000 -500.000000 -2000.000000
-1.000000 0.000000 0.000000
1.000000 1.000000 1.000000 1.000000
-0.426998 8.000000

100.000000 0.000000 -2000.000000
-0.707107 0.707107 0.000000
1.000000 1.000000 1.000000 1.000000
1.000000 8.000000

200.000000 0.000000 -2000.000000
0.000000 1.000000 0.000000
1.000000 1.000000 1.000000 1.000000
2.000000 8.000000

300.000000 0.000000 -2000.000000
0.000000 1.000000 0.000000
1.000000 1.000000 1.000000 1.000000
3.000000 8.000000

400.000000 0.000000 -2000.000000
0.000000 1.000000 0.000000
1.000000 1.000000 1.000000 1.000000
4.000000 8.000000

500.000000 0.000000 -2000.000000
0.000000 1.000000 0.000000
1.000000 1.000000 1.000000 1.000000
5.000000 8.000000

600.000000 0.000000 -2000.000000
0.707107 0.707107 0.000000
1.000000 1.000000 1.000000 1.000000
6.000000 8.000000

600.000000 -500.000000 -2000.000000
1.000000 0.000000 0.000000
1.000000 1.000000 1.000000 1.000000
7.639954 8.000000

100.000000 -500.000000 -2250.000000
-1.000000 0.000000 0.000000
1.000000 1.000000 1.000000 1.000000
-0.426998 9.000000

100.000000 0.000000 -2250.000000
-0.707107 0.707107 0.000000
1.000000 1.000000 1.000000 1.000000
1.000000 9.000000

200.000000 0.000000 -2250.000000
0.000000 1.000000 0.000000
1.000000 1.000000 1.000000 1.000000
2.000000 9.000000

300.000000 0.000000 -2250.000000
0.000000 1.000000 0.000000
1.000000 1.000000 1.000000 1.000000
3.000000 9.000000

400.000000 0.000000 -2250.000000
0.000000 1.000000 0.000000
1.000000 1.000000 1.000000 1.000000
4.000000 9.000000

500.000000 0.000000 -2250.000000
0.000000 1.000000 0.000000
1.000000 1.000000 1.000000 1.000000
5.000000 9.000000

600.000000 0.000000 -2250.000000
0.707107 0.707107 0.000000
1.000000 1.000000 1.000000 1.000000
6.000000 9.000000

600.000000 -500.000000 -2250.000000
1.000000 0.000000 0.000000
1.000000 1.000000 1.000000 1.000000
7.639954 9.000000

100.000000 -500.000000 -2500.000000
-1.000000 0.000000 0.000000
1.000000 1.000000 1.000000 1.000000
-0.426998 10.000000

100.000000 0.000000 -2500.000000
-0.666667 0.333333 -0.666667
1.000000 1.000000 1.000000 1.000000
1.000000 10.000000

200.000000 0.000000 -2500.000000
0.000000 0.707107 -0.707107
1.000000 1.000000 1.000000 1.000000
2.000000 10.000000

300.000000 0.000000 -2500.000000
0.000000 0.707107 -0.707107
1.000000 1.000000 1.000000 1.000000
3.000000 10.000000

400.000000 0.000000 -2500.000000
0.000000 0.707107 -0.707107
1.000000 1.000000 1.000000 1.000000
4.000000 10.000000

500.000000 0.000000 -2500.000000
0.000000 0.707107 -0.707107
1.000000 1.000000 1.000000 1.000000
5.000000 10.000000

600.000000 0.000000 -2500.000000
0.408248 0.816497 -0.408248
1.000000 1.000000 1.000000 1.000000
6.000000 10.000000

600.000000 -500.000000 -2500.000000
1.000000 0.000000 0.000000
1.000000 1.000000 1.000000 1.000000
7.639954 10.000000

100.000000 -500.000000 -2550.000000
-1.000000 0.000000 0.000000
1.000000 1.000000 1.000000 1.000000
0.000000 11.000000

100.000000 -500.000000 -2500.000000
0.000000 0.000000 -1.000000
1.000000 1.000000 1.000000 1.000000
1.000000 11.294119

200.000000 -500.000000 -2500.000000
0.000000 0.000000 -1.000000
1.000000 1.000000 1.000000 1.000000
2.000000 11.294119

300.000000 -500.000000 -2500.000000
0.000000 0.000000 -1.000000
1.000000 1.000000 1.000000 1.000000
3.000000 11.294119

400.000000 -500.000000 -2500.000000
0.000000 0.000000 -1.000000
1.000000 1.000000 1.000000 1.000000
4.000000 11.294119

500.000000 -500.000000 -2500.000000
0.000000 0.000000 -1.000000
1.000000 1.000000 1.000000 1.000000
5.000000 11.294119

600.000000 -500.000000 -2500.000000
0.000000 0.000000 -1.000000
1.000000 1.000000 1.000000 1.000000
6.000000 11.294119

600.000000 -500.000000 -2500.000000
1.000000 0.000000 0.000000
1.000000 1.000000 1.000000 1.000000
7.000000 11.000000

