130 10 13

200.000000 -500.000000 -100.000000
0.000000 0.000000 1.000000
1.000000 1.000000 1.000000 1.000000
0.000000 -0.801993

200.000000 -500.000000 -100.000000
0.000000 0.000000 1.000000
1.000000 1.000000 1.000000 1.000000
0.330000 -0.801993

400.000000 -500.000000 -100.000000
0.000000 0.000000 1.000000
1.000000 1.000000 1.000000 1.000000
0.660000 -0.801993

600.000000 -500.000000 -100.000000
0.000000 0.000000 1.000000
1.000000 1.000000 1.000000 1.000000
0.990000 -0.801993

800.000000 -500.000000 -100.000000
0.000000 0.000000 1.000000
1.000000 1.000000 1.000000 1.000000
1.320000 -0.801993

1000.000000 -500.000000 -100.000000
0.000000 0.000000 1.000000
1.000000 1.000000 1.000000 1.000000
1.650000 -0.801993

1200.000000 -500.000000 -100.000000
0.000000 0.000000 1.000000
1.000000 1.000000 1.000000 1.000000
1.980000 -0.801993

1400.000000 -500.000000 -100.000000
0.000000 0.000000 1.000000
1.000000 1.000000 1.000000 1.000000
2.310000 -0.801993

1600.000000 -500.000000 -100.000000
0.000000 0.000000 1.000000
1.000000 1.000000 1.000000 1.000000
2.640000 -0.801993

1800.000000 -500.000000 -100.000000
0.000000 0.000000 1.000000
1.000000 1.000000 1.000000 1.000000
2.970000 -0.801993

2000.000000 -500.000000 -100.000000
0.000000 0.000000 1.000000
1.000000 1.000000 1.000000 1.000000
3.300000 -0.801993

2200.000000 -500.000000 -100.000000
0.000000 0.000000 1.000000
1.000000 1.000000 1.000000 1.000000
3.630000 -0.801993

2400.000000 -500.000000 -100.000000
0.000000 0.000000 -1.000000
1.000000 1.000000 1.000000 1.000000
3.960000 0.000000

200.000000 -500.000000 -100.000000
-1.000000 0.000000 0.000000
1.000000 1.000000 1.000000 1.000000
-0.623996 0.330000

200.000000 0.000000 -100.000000
-0.408248 0.816497 0.408248
1.000000 1.000000 1.000000 1.000000
0.330000 0.330000

400.000000 0.000000 -100.000000
0.000000 0.707107 0.707107
1.000000 1.000000 1.000000 1.000000
0.660000 0.330000

600.000000 0.000000 -100.000000
0.000000 0.707107 0.707107
1.000000 1.000000 1.000000 1.000000
0.990000 0.330000

800.000000 0.000000 -100.000000
0.000000 0.707107 0.707107
1.000000 1.000000 1.000000 1.000000
1.320000 0.330000

1000.000000 0.000000 -100.000000
0.000000 0.707107 0.707107
1.000000 1.000000 1.000000 1.000000
1.650000 0.330000

1200.000000 0.000000 -100.000000
0.000000 0.707107 0.707107
1.000000 1.000000 1.000000 1.000000
1.980000 0.330000

1400.000000 0.000000 -100.000000
0.000000 0.707107 0.707107
1.000000 1.000000 1.000000 1.000000
2.310000 0.330000

1600.000000 0.000000 -100.000000
0.000000 0.707107 0.707107
1.000000 1.000000 1.000000 1.000000
2.640000 0.330000

1800.000000 0.000000 -100.000000
0.000000 0.707107 0.707107
1.000000 1.000000 1.000000 1.000000
2.970000 0.330000

2000.000000 0.000000 -100.000000
0.000000 0.707107 0.707107
1.000000 1.000000 1.000000 1.000000
3.300000 0.330000

2200.000000 0.000000 -100.000000
0.666667 0.333333 0.666667
1.000000 1.000000 1.000000 1.000000
3.630000 0.330000

2200.000000 -500.000000 -100.000000
1.000000 0.000000 0.000000
1.000000 1.000000 1.000000 1.000000
5.035922 0.330000

200.000000 -500.000000 -200.000000
-1.000000 0.000000 0.000000
1.000000 1.000000 1.000000 1.000000
-0.623996 0.660000

200.000000 0.000000 -200.000000
-0.707107 0.707107 0.000000
1.000000 1.000000 1.000000 1.000000
0.330000 0.660000

400.000000 0.000000 -200.000000
0.000000 1.000000 0.000000
1.000000 1.000000 1.000000 1.000000
0.660000 0.660000

600.000000 0.000000 -200.000000
0.000000 1.000000 0.000000
1.000000 1.000000 1.000000 1.000000
0.990000 0.660000

800.000000 0.000000 -200.000000
0.000000 1.000000 0.000000
1.000000 1.000000 1.000000 1.000000
1.320000 0.660000

1000.000000 0.000000 -200.000000
0.000000 1.000000 0.000000
1.000000 1.000000 1.000000 1.000000
1.650000 0.660000

1200.000000 0.000000 -200.000000
0.000000 1.000000 0.000000
1.000000 1.000000 1.000000 1.000000
1.980000 0.660000

1400.000000 0.000000 -200.000000
0.000000 1.000000 0.000000
1.000000 1.000000 1.000000 1.000000
2.310000 0.660000

1600.000000 0.000000 -200.000000
0.000000 1.000000 0.000000
1.000000 1.000000 1.000000 1.000000
2.640000 0.660000

1800.000000 0.000000 -200.000000
0.000000 1.000000 0.000000
1.000000 1.000000 1.000000 1.000000
2.970000 0.660000

2000.000000 0.000000 -200.000000
0.000000 1.000000 0.000000
1.000000 1.000000 1.000000 1.000000
3.300000 0.660000

2200.000000 0.000000 -200.000000
0.707107 0.707107 0.000000
1.000000 1.000000 1.000000 1.000000
3.630000 0.660000

2200.000000 -500.000000 -200.000000
1.000000 0.000000 0.000000
1.000000 1.000000 1.000000 1.000000
5.035922 0.660000

200.000000 -500.000000 -300.000000
-1.000000 0.000000 0.000000
1.000000 1.000000 1.000000 1.000000
-0.623996 0.990000

200.000000 0.000000 -300.000000
-0.707107 0.707107 0.000000
1.000000 1.000000 1.000000 1.000000
0.330000 0.990000

400.000000 0.000000 -300.000000
0.000000 1.000000 0.000000
1.000000 1.000000 1.000000 1.000000
0.660000 0.990000

600.000000 0.000000 -300.000000
0.000000 1.000000 0.000000
1.000000 1.000000 1.000000 1.000000
0.990000 0.990000

800.000000 0.000000 -300.000000
0.000000 1.000000 0.000000
1.000000 1.000000 1.000000 1.000000
1.320000 0.990000

1000.000000 0.000000 -300.000000
0.000000 1.000000 0.000000
1.000000 1.000000 1.000000 1.000000
1.650000 0.990000

1200.000000 0.000000 -300.000000
0.000000 1.000000 0.000000
1.000000 1.000000 1.000000 1.000000
1.980000 0.990000

1400.000000 0.000000 -300.000000
0.000000 1.000000 0.000000
1.000000 1.000000 1.000000 1.000000
2.310000 0.990000

1600.000000 0.000000 -300.000000
0.000000 1.000000 0.000000
1.000000 1.000000 1.000000 1.000000
2.640000 0.990000

1800.000000 0.000000 -300.000000
0.000000 1.000000 0.000000
1.000000 1.000000 1.000000 1.000000
2.970000 0.990000

2000.000000 0.000000 -300.000000
0.000000 1.000000 0.000000
1.000000 1.000000 1.000000 1.000000
3.300000 0.990000

2200.000000 0.000000 -300.000000
0.707107 0.707107 0.000000
1.000000 1.000000 1.000000 1.000000
3.630000 0.990000

2200.000000 -500.000000 -300.000000
1.000000 0.000000 0.000000
1.000000 1.000000 1.000000 1.000000
5.035922 0.990000

200.000000 -500.000000 -400.000000
-1.000000 0.000000 0.000000
1.000000 1.000000 1.000000 1.000000
-0.623996 1.320000

200.000000 0.000000 -400.000000
-0.707107 0.707107 0.000000
1.000000 1.000000 1.000000 1.000000
0.330000 1.320000

400.000000 0.000000 -400.000000
0.000000 1.000000 0.000000
1.000000 1.000000 1.000000 1.000000
0.660000 1.320000

600.000000 0.000000 -400.000000
0.000000 1.000000 0.000000
1.000000 1.000000 1.000000 1.000000
0.990000 1.320000

800.000000 0.000000 -400.000000
0.000000 1.000000 0.000000
1.000000 1.000000 1.000000 1.000000
1.320000 1.320000

1000.000000 0.000000 -400.000000
0.000000 1.000000 0.000000
1.000000 1.000000 1.000000 1.000000
1.650000 1.320000

1200.000000 0.000000 -400.000000
0.000000 1.000000 0.000000
1.000000 1.000000 1.000000 1.000000
1.980000 1.320000

1400.000000 0.000000 -400.000000
0.000000 1.000000 0.000000
1.000000 1.000000 1.000000 1.000000
2.310000 1.320000

1600.000000 0.000000 -400.000000
0.000000 1.000000 0.000000
1.000000 1.000000 1.000000 1.000000
2.640000 1.320000

1800.000000 0.000000 -400.000000
0.000000 1.000000 0.000000
1.000000 1.000000 1.000000 1.000000
2.970000 1.320000

2000.000000 0.000000 -400.000000
0.000000 1.000000 0.000000
1.000000 1.000000 1.000000 1.000000
3.300000 1.320000

2200.000000 0.000000 -400.000000
0.707107 0.707107 0.000000
1.000000 1.000000 1.000000 1.000000
3.630000 1.320000

2200.000000 -500.000000 -400.000000
1.000000 0.000000 0.000000
1.000000 1.000000 1.000000 1.000000
5.035922 1.320000

200.000000 -500.000000 -500.000000
-1.000000 0.000000 0.000000
1.000000 1.000000 1.000000 1.000000
-0.623996 1.650000

200.000000 0.000000 -500.000000
-0.707107 0.707107 0.000000
1.000000 1.000000 1.000000 1.000000
0.330000 1.650000

400.000000 0.000000 -500.000000
0.000000 1.000000 0.000000
1.000000 1.000000 1.000000 1.000000
0.660000 1.650000

600.000000 0.000000 -500.000000
0.000000 1.000000 0.000000
1.000000 1.000000 1.000000 1.000000
0.990000 1.650000

800.000000 0.000000 -500.000000
0.000000 1.000000 0.000000
1.000000 1.000000 1.000000 1.000000
1.320000 1.650000

1000.000000 0.000000 -500.000000
0.000000 1.000000 0.000000
1.000000 1.000000 1.000000 1.000000
1.650000 1.650000

1200.000000 0.000000 -500.000000
0.000000 1.000000 0.000000
1.000000 1.000000 1.000000 1.000000
1.980000 1.650000

1400.000000 0.000000 -500.000000
0.000000 1.000000 0.000000
1.000000 1.000000 1.000000 1.000000
2.310000 1.650000

1600.000000 0.000000 -500.000000
0.000000 1.000000 0.000000
1.000000 1.000000 1.000000 1.000000
2.640000 1.650000

1800.000000 0.000000 -500.000000
0.000000 1.000000 0.000000
1.000000 1.000000 1.000000 1.000000
2.970000 1.650000

2000.000000 0.000000 -500.000000
0.000000 1.000000 0.000000
1.000000 1.000000 1.000000 1.000000
3.300000 1.650000

2200.000000 0.000000 -500.000000
0.707107 0.707107 0.000000
1.000000 1.000000 1.000000 1.000000
3.630000 1.650000

2200.000000 -500.000000 -500.000000
1.000000 0.000000 0.000000
1.000000 1.000000 1.000000 1.000000
5.035922 1.650000

200.000000 -500.000000 -600.000000
-1.000000 0.000000 0.000000
1.000000 1.000000 1.000000 1.000000
-0.623996 1.980000

200.000000 0.000000 -600.000000
-0.707107 0.707107 0.000000
1.000000 1.000000 1.000000 1.000000
0.330000 1.980000

400.000000 0.000000 -600.000000
0.000000 1.000000 0.000000
1.000000 1.000000 1.000000 1.000000
0.660000 1.980000

600.000000 0.000000 -600.000000
0.000000 1.000000 0.000000
1.000000 1.000000 1.000000 1.000000
0.990000 1.980000

800.000000 0.000000 -600.000000
0.000000 1.000000 0.000000
1.000000 1.000000 1.000000 1.000000
1.320000 1.980000

1000.000000 0.000000 -600.000000
0.000000 1.000000 0.000000
1.000000 1.000000 1.000000 1.000000
1.650000 1.980000

1200.000000 0.000000 -600.000000
0.000000 1.000000 0.000000
1.000000 1.000000 1.000000 1.000000
1.980000 1.980000

1400.000000 0.000000 -600.000000
0.000000 1.000000 0.000000
1.000000 1.000000 1.000000 1.000000
2.310000 1.980000

1600.000000 0.000000 -600.000000
0.000000 1.000000 0.000000
1.000000 1.000000 1.000000 1.000000
2.640000 1.980000

1800.000000 0.000000 -600.000000
0.000000 1.000000 0.000000
1.000000 1.000000 1.000000 1.000000
2.970000 1.980000

2000.000000 0.000000 -600.000000
0.000000 1.000000 0.000000
1.000000 1.000000 1.000000 1.000000
3.300000 1.980000

2200.000000 0.000000 -600.000000
0.707107 0.707107 0.000000
1.000000 1.000000 1.000000 1.000000
3.630000 1.980000

2200.000000 -500.000000 -600.000000
1.000000 0.000000 0.000000
1.000000 1.000000 1.000000 1.000000
5.035922 1.980000

200.000000 -500.000000 -700.000000
-1.000000 0.000000 0.000000
1.000000 1.000000 1.000000 1.000000
-0.623996 2.310000

200.000000 0.000000 -700.000000
-0.707107 0.707107 0.000000
1.000000 1.000000 1.000000 1.000000
0.330000 2.310000

400.000000 0.000000 -700.000000
0.000000 1.000000 0.000000
1.000000 1.000000 1.000000 1.000000
0.660000 2.310000

600.000000 0.000000 -700.000000
0.000000 1.000000 0.000000
1.000000 1.000000 1.000000 1.000000
0.990000 2.310000

800.000000 0.000000 -700.000000
0.000000 1.000000 0.000000
1.000000 1.000000 1.000000 1.000000
1.320000 2.310000

1000.000000 0.000000 -700.000000
0.000000 1.000000 0.000000
1.000000 1.000000 1.000000 1.000000
1.650000 2.310000

1200.000000 0.000000 -700.000000
0.000000 1.000000 0.000000
1.000000 1.000000 1.000000 1.000000
1.980000 2.310000

1400.000000 0.000000 -700.000000
0.000000 1.000000 0.000000
1.000000 1.000000 1.000000 1.000000
2.310000 2.310000

1600.000000 0.000000 -700.000000
0.000000 1.000000 0.000000
1.000000 1.000000 1.000000 1.000000
2.640000 2.310000

1800.000000 0.000000 -700.000000
0.000000 1.000000 0.000000
1.000000 1.000000 1.000000 1.000000
2.970000 2.310000

2000.000000 0.000000 -700.000000
0.000000 1.000000 0.000000
1.000000 1.000000 1.000000 1.000000
3.300000 2.310000

2200.000000 0.000000 -700.000000
0.707107 0.707107 0.000000
1.000000 1.000000 1.000000 1.000000
3.630000 2.310000

2200.000000 -500.000000 -700.000000
1.000000 0.000000 0.000000
1.000000 1.000000 1.000000 1.000000
5.035922 2.310000

200.000000 -500.000000 -800.000000
-1.000000 0.000000 0.000000
1.000000 1.000000 1.000000 1.000000
-0.623996 2.640000

200.000000 0.000000 -800.000000
-0.666667 0.333333 -0.666667
1.000000 1.000000 1.000000 1.000000
0.330000 2.640000

400.000000 0.000000 -800.000000
0.000000 0.707107 -0.707107
1.000000 1.000000 1.000000 1.000000
0.660000 2.640000

600.000000 0.000000 -800.000000
0.000000 0.707107 -0.707107
1.000000 1.000000 1.000000 1.000000
0.990000 2.640000

800.000000 0.000000 -800.000000
0.000000 0.707107 -0.707107
1.000000 1.000000 1.000000 1.000000
1.320000 2.640000

1000.000000 0.000000 -800.000000
0.000000 0.707107 -0.707107
1.000000 1.000000 1.000000 1.000000
1.650000 2.640000

1200.000000 0.000000 -800.000000
0.000000 0.707107 -0.707107
1.000000 1.000000 1.000000 1.000000
1.980000 2.640000

1400.000000 0.000000 -800.000000
0.000000 0.707107 -0.707107
1.000000 1.000000 1.000000 1.000000
2.310000 2.640000

1600.000000 0.000000 -800.000000
0.000000 0.707107 -0.707107
1.000000 1.000000 1.000000 1.000000
2.640000 2.640000

1800.000000 0.000000 -800.000000
0.000000 0.707107 -0.707107
1.000000 1.000000 1.000000 1.000000
2.970000 2.640000

2000.000000 0.000000 -800.000000
0.000000 0.707107 -0.707107
1.000000 1.000000 1.000000 1.000000
3.300000 2.640000

2200.000000 0.000000 -800.000000
0.408248 0.816497 -0.408248
1.000000 1.000000 1.000000 1.000000
3.630000 2.640000

2200.000000 -500.000000 -800.000000
1.000000 0.000000 0.000000
1.000000 1.000000 1.000000 1.000000
5.035922 2.640000

0.000000 -500.000000 -800.000000
0.000000 1.000000 0.000000
1.000000 1.000000 1.000000 1.000000
0.000000 2.970000

200.000000 -500.000000 -800.000000
0.000000 0.000000 -1.000000
1.000000 1.000000 1.000000 1.000000
0.330000 4.067921

400.000000 -500.000000 -800.000000
0.000000 0.000000 -1.000000
1.000000 1.000000 1.000000 1.000000
0.660000 4.067921

600.000000 -500.000000 -800.000000
0.000000 0.000000 -1.000000
1.000000 1.000000 1.000000 1.000000
0.990000 4.067921

800.000000 -500.000000 -800.000000
0.000000 0.000000 -1.000000
1.000000 1.000000 1.000000 1.000000
1.320000 4.067921

1000.000000 -500.000000 -800.000000
0.000000 0.000000 -1.000000
1.000000 1.000000 1.000000 1.000000
1.650000 4.067921

1200.000000 -500.000000 -800.000000
0.000000 0.000000 -1.000000
1.000000 1.000000 1.000000 1.000000
1.980000 4.067921

1400.000000 -500.000000 -800.000000
0.000000 0.000000 -1.000000
1.000000 1.000000 1.000000 1.000000
2.310000 4.067921

1600.000000 -500.000000 -800.000000
0.000000 0.000000 -1.000000
1.000000 1.000000 1.000000 1.000000
2.640000 4.067921

1800.000000 -500.000000 -800.000000
0.000000 0.000000 -1.000000
1.000000 1.000000 1.000000 1.000000
2.970000 4.067921

2000.000000 -500.000000 -800.000000
0.000000 0.000000 -1.000000
1.000000 1.000000 1.000000 1.000000
3.300000 4.067921

2200.000000 -500.000000 -800.000000
0.000000 0.000000 -1.000000
1.000000 1.000000 1.000000 1.000000
3.630000 4.067921

2200.000000 -500.000000 -800.000000
0.000000 0.000000 -1.000000
1.000000 1.000000 1.000000 1.000000
3.960000 2.970000

