396 11 36

50.000000 -405.000000 -50.000000
0.000000 0.000000 1.000000
1.000000 1.000000 1.000000 1.000000
0.000000 0.000000

50.000000 -405.000000 -50.000000
0.000000 0.000000 1.000000
1.000000 1.000000 1.000000 1.000000
1.562018 0.000000

100.000000 -405.000000 -50.000000
-0.000000 0.000000 1.000000
1.000000 1.000000 1.000000 1.000000
0.660000 0.000000

150.000000 -405.000000 -50.000000
-0.000000 0.000000 1.000000
1.000000 1.000000 1.000000 1.000000
0.990000 0.000000

200.000000 -405.000000 -50.000000
-0.000000 0.000000 1.000000
1.000000 1.000000 1.000000 1.000000
1.320000 0.000000

250.000000 -405.000000 -50.000000
-0.000000 0.000000 1.000000
1.000000 1.000000 1.000000 1.000000
1.650000 0.000000

300.000000 -405.000000 -50.000000
-0.000000 0.000000 1.000000
1.000000 1.000000 1.000000 1.000000
1.980000 0.000000

350.000000 -405.000000 -50.000000
-0.000000 0.000000 1.000000
1.000000 1.000000 1.000000 1.000000
2.310000 0.000000

400.000000 -405.000000 -50.000000
-0.000000 0.000000 1.000000
1.000000 1.000000 1.000000 1.000000
2.640000 0.000000

450.000000 -405.000000 -50.000000
-0.000000 0.000000 1.000000
1.000000 1.000000 1.000000 1.000000
2.970000 0.000000

500.000000 -405.000000 -50.000000
-0.000000 0.000000 1.000000
1.000000 1.000000 1.000000 1.000000
3.300000 0.000000

550.000000 -405.000000 -50.000000
0.000000 0.000000 1.000000
1.000000 1.000000 1.000000 1.000000
3.630000 0.000000

600.000000 -405.000000 -50.000000
0.000000 0.000000 1.000000
1.000000 1.000000 1.000000 1.000000
3.960000 0.000000

650.000000 -405.000000 -50.000000
-0.000000 0.000000 1.000000
1.000000 1.000000 1.000000 1.000000
4.290000 0.000000

700.000000 -405.000000 -50.000000
-0.000000 0.000000 1.000000
1.000000 1.000000 1.000000 1.000000
4.620000 0.000000

750.000000 -405.000000 -50.000000
-0.000000 0.000000 1.000000
1.000000 1.000000 1.000000 1.000000
4.950000 0.000000

800.000000 -405.000000 -50.000000
-0.000000 0.000000 1.000000
1.000000 1.000000 1.000000 1.000000
5.280000 0.000000

850.000000 -405.000000 -50.000000
-0.000000 0.000000 1.000000
1.000000 1.000000 1.000000 1.000000
5.610000 0.000000

900.000000 -405.000000 -50.000000
-0.000000 0.000000 1.000000
1.000000 1.000000 1.000000 1.000000
5.940000 0.000000

950.000000 -405.000000 -50.000000
-0.000000 0.000000 1.000000
1.000000 1.000000 1.000000 1.000000
6.270000 0.000000

1000.000000 -405.000000 -50.000000
-0.000000 0.000000 1.000000
1.000000 1.000000 1.000000 1.000000
6.600000 0.000000

1050.000000 -405.000000 -50.000000
-0.000000 0.000000 1.000000
1.000000 1.000000 1.000000 1.000000
6.930000 0.000000

1100.000000 -405.000000 -50.000000
-0.000000 0.000000 1.000000
1.000000 1.000000 1.000000 1.000000
7.260000 0.000000

1150.000000 -405.000000 -50.000000
-0.000000 0.000000 1.000000
1.000000 1.000000 1.000000 1.000000
7.590000 0.000000

1200.000000 -405.000000 -50.000000
-0.000000 0.000000 1.000000
1.000000 1.000000 1.000000 1.000000
7.920000 0.000000

1250.000000 -405.000000 -50.000000
-0.000000 0.000000 1.000000
1.000000 1.000000 1.000000 1.000000
8.250000 0.000000

1300.000000 -405.000000 -50.000000
-0.000000 0.000000 1.000000
1.000000 1.000000 1.000000 1.000000
8.580000 0.000000

1350.000000 -405.000000 -50.000000
-0.000000 0.000000 1.000000
1.000000 1.000000 1.000000 1.000000
8.910001 0.000000

1450.000000 -405.000000 -50.000000
0.000000 0.000000 1.000000
1.000000 1.000000 1.000000 1.000000
9.240001 0.000000

1450.000000 -405.000000 -50.000000
0.000000 0.000000 1.000000
1.000000 1.000000 1.000000 1.000000
9.570001 0.000000

1500.000000 -405.000000 -50.000000
-0.000000 0.000000 1.000000
1.000000 1.000000 1.000000 1.000000
9.900001 0.000000

1550.000000 -405.000000 -50.000000
-0.000000 0.000000 1.000000
1.000000 1.000000 1.000000 1.000000
10.230000 0.000000

1600.000000 -405.000000 -50.000000
-0.000000 0.000000 1.000000
1.000000 1.000000 1.000000 1.000000
10.560000 0.000000

1650.000000 -405.000000 -50.000000
-0.000000 0.000000 1.000000
1.000000 1.000000 1.000000 1.000000
10.890000 0.000000

1700.000000 -405.000000 -50.000000
0.707107 0.000000 0.707107
1.000000 1.000000 1.000000 1.000000
11.220000 0.000000

1700.000000 -405.000000 -100.000000
0.000000 -1.000000 0.000000
1.000000 1.000000 1.000000 1.000000
11.550000 0.000000

50.000000 -405.000000 -50.000000
-1.000000 0.000000 0.000000
1.000000 1.000000 1.000000 1.000000
0.000000 0.330000

50.000000 0.000000 -50.000000
-0.408248 0.816497 0.408248
1.000000 1.000000 1.000000 1.000000
1.562018 0.330000

100.000000 0.000000 -50.000000
-0.000000 0.707107 0.707107
1.000000 1.000000 1.000000 1.000000
0.660000 0.330000

150.000000 0.000000 -50.000000
-0.000000 0.707107 0.707107
1.000000 1.000000 1.000000 1.000000
0.990000 0.330000

200.000000 0.000000 -50.000000
-0.000000 0.707107 0.707107
1.000000 1.000000 1.000000 1.000000
1.320000 0.330000

250.000000 0.000000 -50.000000
-0.000000 0.707107 0.707107
1.000000 1.000000 1.000000 1.000000
1.650000 0.330000

300.000000 0.000000 -50.000000
-0.000000 0.707107 0.707107
1.000000 1.000000 1.000000 1.000000
1.980000 0.330000

350.000000 0.000000 -50.000000
-0.000000 0.707107 0.707107
1.000000 1.000000 1.000000 1.000000
2.310000 0.330000

400.000000 0.000000 -50.000000
-0.000000 0.707107 0.707107
1.000000 1.000000 1.000000 1.000000
2.640000 0.330000

450.000000 0.000000 -50.000000
-0.000000 0.707107 0.707107
1.000000 1.000000 1.000000 1.000000
2.970000 0.330000

500.000000 0.000000 -50.000000
-0.000000 0.707107 0.707107
1.000000 1.000000 1.000000 1.000000
3.300000 0.330000

550.000000 0.000000 -50.000000
-0.000000 0.707107 0.707107
1.000000 1.000000 1.000000 1.000000
3.630000 0.330000

600.000000 0.000000 -50.000000
-0.000000 0.707107 0.707107
1.000000 1.000000 1.000000 1.000000
3.960000 0.330000

650.000000 0.000000 -50.000000
0.000000 0.707107 0.707107
1.000000 1.000000 1.000000 1.000000
4.290000 0.330000

700.000000 0.000000 -50.000000
-0.000000 0.707107 0.707107
1.000000 1.000000 1.000000 1.000000
4.620000 0.330000

750.000000 0.000000 -50.000000
-0.000000 0.707107 0.707107
1.000000 1.000000 1.000000 1.000000
4.950000 0.330000

800.000000 0.000000 -50.000000
-0.000000 0.707107 0.707107
1.000000 1.000000 1.000000 1.000000
5.280000 0.330000

850.000000 0.000000 -50.000000
-0.000000 0.707107 0.707107
1.000000 1.000000 1.000000 1.000000
5.610000 0.330000

900.000000 0.000000 -50.000000
-0.000000 0.707107 0.707107
1.000000 1.000000 1.000000 1.000000
5.940000 0.330000

950.000000 0.000000 -50.000000
-0.000000 0.707107 0.707107
1.000000 1.000000 1.000000 1.000000
6.270000 0.330000

1000.000000 0.000000 -50.000000
-0.000000 0.707107 0.707107
1.000000 1.000000 1.000000 1.000000
6.600000 0.330000

1050.000000 0.000000 -50.000000
-0.000000 0.707107 0.707107
1.000000 1.000000 1.000000 1.000000
6.930000 0.330000

1100.000000 0.000000 -50.000000
-0.000000 0.707107 0.707107
1.000000 1.000000 1.000000 1.000000
7.260000 0.330000

1150.000000 0.000000 -50.000000
-0.000000 0.707107 0.707107
1.000000 1.000000 1.000000 1.000000
7.590000 0.330000

1200.000000 0.000000 -50.000000
-0.000000 0.707107 0.707107
1.000000 1.000000 1.000000 1.000000
7.920000 0.330000

1250.000000 0.000000 -50.000000
-0.000000 0.707107 0.707107
1.000000 1.000000 1.000000 1.000000
8.250000 0.330000

1300.000000 0.000000 -50.000000
-0.000000 0.707107 0.707107
1.000000 1.000000 1.000000 1.000000
8.580000 0.330000

1350.000000 0.000000 -50.000000
-0.000000 0.707107 0.707107
1.000000 1.000000 1.000000 1.000000
8.910001 0.330000

1450.000000 0.000000 -50.000000
-0.666667 0.333333 0.666667
1.000000 1.000000 1.000000 1.000000
9.240001 0.330000

1450.000000 513.000000 -50.000000
-0.408248 0.816497 0.408248
1.000000 1.000000 1.000000 1.000000
11.800902 0.323000

1500.000000 513.000000 -50.000000
-0.000000 0.707107 0.707107
1.000000 1.000000 1.000000 1.000000
9.900001 0.330000

1550.000000 513.000000 -50.000000
-0.000000 0.707107 0.707107
1.000000 1.000000 1.000000 1.000000
10.230000 0.330000

1600.000000 513.000000 -50.000000
-0.000000 0.707107 0.707107
1.000000 1.000000 1.000000 1.000000
10.560000 0.330000

1700.000000 513.000000 -50.000000
0.534522 0.267261 0.801784
1.000000 1.000000 1.000000 1.000000
10.890000 0.330000

1700.000000 0.000000 -50.000000
0.832050 0.000000 0.554700
1.000000 1.000000 1.000000 1.000000
9.740402 0.330000

1700.000000 -405.000000 -100.000000
1.000000 0.000000 0.000000
1.000000 1.000000 1.000000 1.000000
11.550000 0.330000

50.000000 -405.000000 -100.000000
-1.000000 0.000000 0.000000
1.000000 1.000000 1.000000 1.000000
0.000000 0.660000

50.000000 0.000000 -100.000000
-0.707107 0.707107 0.000000
1.000000 1.000000 1.000000 1.000000
1.562018 0.660000

100.000000 0.000000 -100.000000
0.000000 1.000000 0.000000
1.000000 1.000000 1.000000 1.000000
0.660000 0.660000

150.000000 0.000000 -100.000000
0.000000 1.000000 0.000000
1.000000 1.000000 1.000000 1.000000
0.990000 0.660000

200.000000 0.000000 -100.000000
0.000000 1.000000 0.000000
1.000000 1.000000 1.000000 1.000000
1.320000 0.660000

250.000000 0.000000 -100.000000
0.000000 1.000000 0.000000
1.000000 1.000000 1.000000 1.000000
1.650000 0.660000

300.000000 0.000000 -100.000000
0.000000 1.000000 0.000000
1.000000 1.000000 1.000000 1.000000
1.980000 0.660000

350.000000 0.000000 -100.000000
0.000000 1.000000 0.000000
1.000000 1.000000 1.000000 1.000000
2.310000 0.660000

400.000000 0.000000 -100.000000
0.000000 1.000000 0.000000
1.000000 1.000000 1.000000 1.000000
2.640000 0.660000

450.000000 0.000000 -100.000000
0.000000 1.000000 0.000000
1.000000 1.000000 1.000000 1.000000
2.970000 0.660000

500.000000 0.000000 -100.000000
0.000000 1.000000 0.000000
1.000000 1.000000 1.000000 1.000000
3.300000 0.660000

550.000000 0.000000 -100.000000
0.000000 1.000000 0.000000
1.000000 1.000000 1.000000 1.000000
3.630000 0.660000

600.000000 0.000000 -100.000000
-0.000000 1.000000 0.000000
1.000000 1.000000 1.000000 1.000000
3.960000 0.660000

650.000000 0.000000 -100.000000
0.235702 0.942809 -0.235702
1.000000 1.000000 1.000000 1.000000
4.290000 0.660000

700.000000 0.000000 -100.000000
0.000000 0.707107 -0.707107
1.000000 1.000000 1.000000 1.000000
4.620000 0.660000

750.000000 0.000000 -100.000000
0.000000 0.707107 -0.707107
1.000000 1.000000 1.000000 1.000000
4.950000 0.660000

800.000000 0.000000 -100.000000
0.000000 0.707107 -0.707107
1.000000 1.000000 1.000000 1.000000
5.280000 0.660000

850.000000 0.000000 -100.000000
-0.163070 0.904176 -0.394808
1.000000 1.000000 1.000000 1.000000
5.610000 0.660000

900.000000 0.000000 -100.000000
0.000000 1.000000 0.000000
1.000000 1.000000 1.000000 1.000000
5.940000 0.660000

950.000000 0.000000 -100.000000
0.000000 1.000000 0.000000
1.000000 1.000000 1.000000 1.000000
6.270000 0.660000

1000.000000 0.000000 -100.000000
0.000000 1.000000 0.000000
1.000000 1.000000 1.000000 1.000000
6.600000 0.660000

1050.000000 0.000000 -100.000000
0.000000 1.000000 0.000000
1.000000 1.000000 1.000000 1.000000
6.930000 0.660000

1100.000000 0.000000 -100.000000
0.000000 1.000000 0.000000
1.000000 1.000000 1.000000 1.000000
7.260000 0.660000

1150.000000 0.000000 -100.000000
0.000000 1.000000 0.000000
1.000000 1.000000 1.000000 1.000000
7.590000 0.660000

1200.000000 0.000000 -100.000000
0.000000 1.000000 0.000000
1.000000 1.000000 1.000000 1.000000
7.920000 0.660000

1250.000000 0.000000 -100.000000
0.000000 1.000000 0.000000
1.000000 1.000000 1.000000 1.000000
8.250000 0.660000

1300.000000 0.000000 -100.000000
0.000000 1.000000 0.000000
1.000000 1.000000 1.000000 1.000000
8.580000 0.660000

1350.000000 0.000000 -100.000000
0.000000 1.000000 0.000000
1.000000 1.000000 1.000000 1.000000
8.910001 0.660000

1450.000000 0.000000 -100.000000
-0.707107 0.707107 0.000000
1.000000 1.000000 1.000000 1.000000
9.240001 0.660000

1450.000000 513.000000 -100.000000
-0.707107 0.707107 0.000000
1.000000 1.000000 1.000000 1.000000
11.800902 0.660000

1500.000000 513.000000 -100.000000
-0.000000 1.000000 0.000000
1.000000 1.000000 1.000000 1.000000
9.900001 0.660000

1550.000000 513.000000 -100.000000
-0.000000 1.000000 0.000000
1.000000 1.000000 1.000000 1.000000
10.230000 0.660000

1600.000000 513.000000 -100.000000
-0.000000 1.000000 0.000000
1.000000 1.000000 1.000000 1.000000
10.560000 0.660000

1700.000000 513.000000 -100.000000
0.707107 0.707107 0.000000
1.000000 1.000000 1.000000 1.000000
10.890000 0.660000

1700.000000 0.000000 -100.000000
1.000000 0.000000 -0.000000
1.000000 1.000000 1.000000 1.000000
9.740402 0.660000

1700.000000 -405.000000 -100.000000
1.000000 0.000000 0.000000
1.000000 1.000000 1.000000 1.000000
11.550000 0.660000

50.000000 -405.000000 -150.000000
-1.000000 0.000000 0.000000
1.000000 1.000000 1.000000 1.000000
0.000000 0.990000

50.000000 0.000000 -150.000000
-0.707107 0.707107 0.000000
1.000000 1.000000 1.000000 1.000000
1.562018 0.990000

100.000000 0.000000 -150.000000
0.000000 1.000000 0.000000
1.000000 1.000000 1.000000 1.000000
0.660000 0.990000

150.000000 0.000000 -150.000000
0.000000 1.000000 0.000000
1.000000 1.000000 1.000000 1.000000
0.990000 0.990000

200.000000 0.000000 -150.000000
0.000000 1.000000 0.000000
1.000000 1.000000 1.000000 1.000000
1.320000 0.990000

250.000000 0.000000 -150.000000
0.000000 1.000000 0.000000
1.000000 1.000000 1.000000 1.000000
1.650000 0.990000

300.000000 0.000000 -150.000000
0.000000 1.000000 0.000000
1.000000 1.000000 1.000000 1.000000
1.980000 0.990000

350.000000 0.000000 -150.000000
0.000000 1.000000 0.000000
1.000000 1.000000 1.000000 1.000000
2.310000 0.990000

400.000000 0.000000 -150.000000
0.000000 1.000000 0.000000
1.000000 1.000000 1.000000 1.000000
2.640000 0.990000

450.000000 0.000000 -150.000000
0.000000 1.000000 0.000000
1.000000 1.000000 1.000000 1.000000
2.970000 0.990000

500.000000 0.000000 -150.000000
0.000000 1.000000 0.000000
1.000000 1.000000 1.000000 1.000000
3.300000 0.990000

550.000000 0.000000 -150.000000
0.000000 1.000000 0.000000
1.000000 1.000000 1.000000 1.000000
3.630000 0.990000

600.000000 0.000000 -150.000000
0.000000 1.000000 0.000000
1.000000 1.000000 1.000000 1.000000
3.960000 0.990000

650.000000 0.000000 -150.000000
0.707107 0.707107 0.000000
1.000000 1.000000 1.000000 1.000000
4.290000 0.990000

650.000000 -358.000000 -100.000000
0.0 -1.0 0.0
1.000000 1.000000 1.000000 1.000000
4.620000 3.098967

750.000000 -358.000000 -100.000000
0.0 -1.0 0.0
1.000000 1.000000 1.000000 1.000000
4.950000 3.098967

800.000000 -358.000000 -100.000000
0.0 -1.0 0.0
1.000000 1.000000 1.000000 1.000000
5.253978 3.098967

900.000000 -358.000000 -100.000000
0.0 -1.0 0.0
1.000000 1.000000 1.000000 1.000000
5.569955 3.098967

900.000000 0.000000 -150.000000
-0.394808 0.904176 -0.163070
1.000000 1.000000 1.000000 1.000000
5.940000 0.990000

950.000000 0.000000 -150.000000
0.000000 1.000000 0.000000
1.000000 1.000000 1.000000 1.000000
6.270000 0.990000

1000.000000 0.000000 -150.000000
0.000000 1.000000 0.000000
1.000000 1.000000 1.000000 1.000000
6.600000 0.990000

1050.000000 0.000000 -150.000000
0.000000 1.000000 0.000000
1.000000 1.000000 1.000000 1.000000
6.930000 0.990000

1100.000000 0.000000 -150.000000
0.000000 1.000000 0.000000
1.000000 1.000000 1.000000 1.000000
7.260000 0.990000

1150.000000 0.000000 -150.000000
0.000000 1.000000 0.000000
1.000000 1.000000 1.000000 1.000000
7.590000 0.990000

1200.000000 0.000000 -150.000000
0.000000 1.000000 0.000000
1.000000 1.000000 1.000000 1.000000
7.920000 0.990000

1250.000000 0.000000 -150.000000
0.000000 1.000000 0.000000
1.000000 1.000000 1.000000 1.000000
8.250000 0.990000

1300.000000 0.000000 -150.000000
0.000000 1.000000 0.000000
1.000000 1.000000 1.000000 1.000000
8.580000 0.990000

1350.000000 0.000000 -150.000000
0.000000 1.000000 0.000000
1.000000 1.000000 1.000000 1.000000
8.910001 0.990000

1450.000000 0.000000 -150.000000
-0.707107 0.707107 0.000000
1.000000 1.000000 1.000000 1.000000
9.240001 0.990000

1450.000000 513.000000 -150.000000
-0.707107 0.707107 0.000000
1.000000 1.000000 1.000000 1.000000
11.800902 0.990000

1500.000000 513.000000 -150.000000
-0.000000 1.000000 0.000000
1.000000 1.000000 1.000000 1.000000
9.900001 0.990000

1550.000000 513.000000 -150.000000
-0.000000 1.000000 0.000000
1.000000 1.000000 1.000000 1.000000
10.230000 0.990000

1600.000000 513.000000 -150.000000
-0.000000 1.000000 0.000000
1.000000 1.000000 1.000000 1.000000
10.560000 0.990000

1700.000000 513.000000 -150.000000
0.707107 0.707107 0.000000
1.000000 1.000000 1.000000 1.000000
10.890000 0.990000

1700.000000 0.000000 -150.000000
1.000000 0.000000 -0.000000
1.000000 1.000000 1.000000 1.000000
9.740402 0.990000

1700.000000 -405.000000 -150.000000
1.000000 0.000000 0.000000
1.000000 1.000000 1.000000 1.000000
11.550000 0.990000

50.000000 -405.000000 -200.000000
-1.000000 0.000000 0.000000
1.000000 1.000000 1.000000 1.000000
0.000000 1.320000

50.000000 0.000000 -200.000000
-0.707107 0.707107 0.000000
1.000000 1.000000 1.000000 1.000000
1.562018 1.320000

100.000000 0.000000 -200.000000
0.000000 1.000000 0.000000
1.000000 1.000000 1.000000 1.000000
0.660000 1.320000

150.000000 0.000000 -200.000000
0.000000 1.000000 0.000000
1.000000 1.000000 1.000000 1.000000
0.990000 1.320000

200.000000 0.000000 -200.000000
0.000000 1.000000 0.000000
1.000000 1.000000 1.000000 1.000000
1.320000 1.320000

250.000000 0.000000 -200.000000
0.000000 1.000000 0.000000
1.000000 1.000000 1.000000 1.000000
1.650000 1.320000

300.000000 0.000000 -200.000000
0.000000 1.000000 0.000000
1.000000 1.000000 1.000000 1.000000
1.980000 1.320000

350.000000 0.000000 -200.000000
0.000000 1.000000 0.000000
1.000000 1.000000 1.000000 1.000000
2.310000 1.320000

400.000000 0.000000 -200.000000
0.000000 1.000000 0.000000
1.000000 1.000000 1.000000 1.000000
2.640000 1.320000

450.000000 0.000000 -200.000000
0.000000 1.000000 0.000000
1.000000 1.000000 1.000000 1.000000
2.970000 1.320000

500.000000 0.000000 -200.000000
0.000000 1.000000 0.000000
1.000000 1.000000 1.000000 1.000000
3.300000 1.320000

550.000000 0.000000 -200.000000
0.000000 1.000000 0.000000
1.000000 1.000000 1.000000 1.000000
3.630000 1.320000

600.000000 0.000000 -200.000000
0.000000 1.000000 0.000000
1.000000 1.000000 1.000000 1.000000
3.960000 1.320000

650.000000 0.000000 -200.000000
0.707107 0.707107 0.000000
1.000000 1.000000 1.000000 1.000000
4.290000 1.302984

650.000000 -358.000000 -200.000000
0.0 -1.0 0.0
1.000000 1.000000 1.000000 1.000000
6.294879 1.320000

750.000000 -358.000000 -200.000000
0.0 -1.0 0.0
1.000000 1.000000 1.000000 1.000000
4.950000 1.320000

800.000000 -358.000000 -200.000000
0.0 -1.0 0.0
1.000000 1.000000 1.000000 1.000000
5.280000 1.320000

900.000000 -358.000000 -200.000000
0.0 -1.0 0.0
1.000000 1.000000 1.000000 1.000000
3.782133 1.320000

900.000000 0.000000 -200.000000
-0.707107 0.707107 0.000000
1.000000 1.000000 1.000000 1.000000
5.940000 1.320000

950.000000 0.000000 -200.000000
0.000000 1.000000 0.000000
1.000000 1.000000 1.000000 1.000000
6.270000 1.320000

1000.000000 0.000000 -200.000000
0.000000 1.000000 0.000000
1.000000 1.000000 1.000000 1.000000
6.600000 1.320000

1050.000000 0.000000 -200.000000
0.000000 1.000000 0.000000
1.000000 1.000000 1.000000 1.000000
6.930000 1.320000

1100.000000 0.000000 -200.000000
0.000000 1.000000 0.000000
1.000000 1.000000 1.000000 1.000000
7.260000 1.320000

1150.000000 0.000000 -200.000000
0.000000 1.000000 0.000000
1.000000 1.000000 1.000000 1.000000
7.590000 1.320000

1200.000000 0.000000 -200.000000
0.000000 1.000000 0.000000
1.000000 1.000000 1.000000 1.000000
7.920000 1.320000

1250.000000 0.000000 -200.000000
0.000000 1.000000 0.000000
1.000000 1.000000 1.000000 1.000000
8.250000 1.320000

1300.000000 0.000000 -200.000000
0.000000 1.000000 0.000000
1.000000 1.000000 1.000000 1.000000
8.580000 1.320000

1350.000000 0.000000 -200.000000
0.000000 1.000000 0.000000
1.000000 1.000000 1.000000 1.000000
8.910001 1.320000

1450.000000 0.000000 -200.000000
-0.707107 0.707107 0.000000
1.000000 1.000000 1.000000 1.000000
9.240001 1.320000

1450.000000 513.000000 -200.000000
-0.707107 0.707107 0.000000
1.000000 1.000000 1.000000 1.000000
11.800902 1.320000

1500.000000 513.000000 -200.000000
-0.000000 1.000000 0.000000
1.000000 1.000000 1.000000 1.000000
9.900001 1.320000

1550.000000 513.000000 -200.000000
-0.000000 1.000000 0.000000
1.000000 1.000000 1.000000 1.000000
10.230000 1.320000

1600.000000 513.000000 -200.000000
-0.000000 1.000000 0.000000
1.000000 1.000000 1.000000 1.000000
10.560000 1.320000

1700.000000 513.000000 -200.000000
0.707107 0.707107 0.000000
1.000000 1.000000 1.000000 1.000000
10.890000 1.320000

1700.000000 0.000000 -200.000000
1.000000 0.000000 0.000000
1.000000 1.000000 1.000000 1.000000
9.740402 1.320000

1700.000000 -405.000000 -200.000000
1.000000 0.000000 0.000000
1.000000 1.000000 1.000000 1.000000
11.550000 1.320000

50.000000 -405.000000 -250.000000
-1.000000 0.000000 0.000000
1.000000 1.000000 1.000000 1.000000
0.000000 1.650000

50.000000 0.000000 -250.000000
-0.707107 0.707107 0.000000
1.000000 1.000000 1.000000 1.000000
1.562018 1.650000

100.000000 0.000000 -250.000000
0.000000 1.000000 0.000000
1.000000 1.000000 1.000000 1.000000
0.660000 1.650000

150.000000 0.000000 -250.000000
0.000000 1.000000 0.000000
1.000000 1.000000 1.000000 1.000000
0.990000 1.650000

200.000000 0.000000 -250.000000
0.000000 1.000000 0.000000
1.000000 1.000000 1.000000 1.000000
1.320000 1.650000

250.000000 0.000000 -250.000000
0.000000 1.000000 0.000000
1.000000 1.000000 1.000000 1.000000
1.650000 1.650000

300.000000 0.000000 -250.000000
0.000000 1.000000 0.000000
1.000000 1.000000 1.000000 1.000000
1.980000 1.650000

350.000000 0.000000 -250.000000
0.000000 1.000000 0.000000
1.000000 1.000000 1.000000 1.000000
2.310000 1.650000

400.000000 0.000000 -250.000000
0.000000 1.000000 0.000000
1.000000 1.000000 1.000000 1.000000
2.640000 1.650000

450.000000 0.000000 -250.000000
0.000000 1.000000 0.000000
1.000000 1.000000 1.000000 1.000000
2.970000 1.650000

500.000000 0.000000 -250.000000
0.000000 1.000000 0.000000
1.000000 1.000000 1.000000 1.000000
3.300000 1.650000

550.000000 0.000000 -250.000000
0.000000 1.000000 0.000000
1.000000 1.000000 1.000000 1.000000
3.630000 1.650000

600.000000 0.000000 -250.000000
0.000000 1.000000 0.000000
1.000000 1.000000 1.000000 1.000000
3.960000 1.650000

650.000000 0.000000 -250.000000
0.707107 0.707107 0.000000
1.000000 1.000000 1.000000 1.000000
4.290000 1.650000

650.000000 -358.000000 -250.000000
0.0 -1.0 0.0
1.000000 1.000000 1.000000 1.000000
6.294879 1.650000

750.000000 -358.000000 -250.000000
0.0 -1.0 0.0
1.000000 1.000000 1.000000 1.000000
4.950000 1.650000

800.000000 -358.000000 -250.000000
0.0 -1.0 0.0
1.000000 1.000000 1.000000 1.000000
5.280000 1.650000

900.000000 -358.000000 -250.000000
0.0 -1.0 0.0
1.000000 1.000000 1.000000 1.000000
3.782133 1.594982

900.000000 0.000000 -250.000000
-0.707107 0.707107 0.000000
1.000000 1.000000 1.000000 1.000000
5.940000 1.650000

950.000000 0.000000 -250.000000
0.000000 1.000000 0.000000
1.000000 1.000000 1.000000 1.000000
6.270000 1.650000

1000.000000 0.000000 -250.000000
0.000000 1.000000 0.000000
1.000000 1.000000 1.000000 1.000000
6.600000 1.650000

1050.000000 0.000000 -250.000000
0.000000 1.000000 0.000000
1.000000 1.000000 1.000000 1.000000
6.930000 1.650000

1100.000000 0.000000 -250.000000
0.000000 1.000000 0.000000
1.000000 1.000000 1.000000 1.000000
7.260000 1.650000

1150.000000 0.000000 -250.000000
0.000000 1.000000 0.000000
1.000000 1.000000 1.000000 1.000000
7.590000 1.650000

1200.000000 0.000000 -250.000000
0.000000 1.000000 0.000000
1.000000 1.000000 1.000000 1.000000
7.920000 1.650000

1250.000000 0.000000 -250.000000
0.000000 1.000000 0.000000
1.000000 1.000000 1.000000 1.000000
8.250000 1.650000

1300.000000 0.000000 -250.000000
0.000000 1.000000 0.000000
1.000000 1.000000 1.000000 1.000000
8.580000 1.650000

1350.000000 0.000000 -250.000000
0.000000 1.000000 0.000000
1.000000 1.000000 1.000000 1.000000
8.910001 1.650000

1450.000000 0.000000 -250.000000
-0.707107 0.707107 0.000000
1.000000 1.000000 1.000000 1.000000
9.240001 1.650000

1450.000000 513.000000 -250.000000
-0.707107 0.707107 0.000000
1.000000 1.000000 1.000000 1.000000
11.800902 1.650000

1500.000000 513.000000 -250.000000
-0.000000 1.000000 0.000000
1.000000 1.000000 1.000000 1.000000
9.900001 1.650000

1550.000000 513.000000 -250.000000
-0.000000 1.000000 0.000000
1.000000 1.000000 1.000000 1.000000
10.230000 1.650000

1600.000000 513.000000 -250.000000
-0.000000 1.000000 0.000000
1.000000 1.000000 1.000000 1.000000
10.560000 1.650000

1700.000000 513.000000 -250.000000
0.707107 0.707107 0.000000
1.000000 1.000000 1.000000 1.000000
10.890000 1.650000

1700.000000 0.000000 -250.000000
1.000000 0.000000 -0.000000
1.000000 1.000000 1.000000 1.000000
9.740402 1.650000

1700.000000 -405.000000 -200.000000
1.000000 0.000000 0.000000
1.000000 1.000000 1.000000 1.000000
11.550000 1.650000

50.000000 -405.000000 -300.000000
-1.000000 0.000000 0.000000
1.000000 1.000000 1.000000 1.000000
0.000000 1.980000

50.000000 0.000000 -300.000000
-0.707107 0.707107 0.000000
1.000000 1.000000 1.000000 1.000000
1.562018 1.980000

100.000000 0.000000 -300.000000
0.000000 1.000000 0.000000
1.000000 1.000000 1.000000 1.000000
0.660000 1.980000

150.000000 0.000000 -300.000000
0.000000 1.000000 0.000000
1.000000 1.000000 1.000000 1.000000
0.990000 1.980000

200.000000 0.000000 -300.000000
0.000000 1.000000 0.000000
1.000000 1.000000 1.000000 1.000000
1.320000 1.980000

250.000000 0.000000 -300.000000
0.000000 1.000000 0.000000
1.000000 1.000000 1.000000 1.000000
1.650000 1.980000

300.000000 0.000000 -300.000000
0.000000 1.000000 0.000000
1.000000 1.000000 1.000000 1.000000
1.980000 1.980000

350.000000 0.000000 -300.000000
0.000000 1.000000 0.000000
1.000000 1.000000 1.000000 1.000000
2.310000 1.980000

400.000000 0.000000 -300.000000
0.000000 1.000000 0.000000
1.000000 1.000000 1.000000 1.000000
2.640000 1.980000

450.000000 0.000000 -300.000000
0.000000 1.000000 0.000000
1.000000 1.000000 1.000000 1.000000
2.970000 1.980000

500.000000 0.000000 -300.000000
0.000000 1.000000 0.000000
1.000000 1.000000 1.000000 1.000000
3.300000 1.980000

550.000000 0.000000 -300.000000
0.000000 1.000000 0.000000
1.000000 1.000000 1.000000 1.000000
3.630000 1.980000

600.000000 0.000000 -300.000000
0.000000 1.000000 0.000000
1.000000 1.000000 1.000000 1.000000
3.960000 1.980000

650.000000 0.000000 -300.000000
0.707107 0.707107 0.000000
1.000000 1.000000 1.000000 1.000000
4.290000 1.980000

650.000000 -358.000000 -300.000000
0.0 -1.0 0.0
1.000000 1.000000 1.000000 1.000000
6.294879 1.980000

750.000000 -358.000000 -300.000000
0.0 -1.0 0.0
1.000000 1.000000 1.000000 1.000000
4.950000 1.980000

800.000000 -358.000000 -300.000000
0.0 -1.0 0.0
1.000000 1.000000 1.000000 1.000000
5.280000 1.980000

900.000000 -358.000000 -300.000000
0.0 -1.0 0.0
1.000000 1.000000 1.000000 1.000000
3.782133 1.980000

900.000000 0.000000 -300.000000
-0.707107 0.707107 0.000000
1.000000 1.000000 1.000000 1.000000
5.940000 1.980000

950.000000 0.000000 -300.000000
0.000000 1.000000 0.000000
1.000000 1.000000 1.000000 1.000000
6.270000 1.980000

1000.000000 0.000000 -300.000000
0.000000 1.000000 0.000000
1.000000 1.000000 1.000000 1.000000
6.600000 1.980000

1050.000000 0.000000 -300.000000
0.000000 1.000000 0.000000
1.000000 1.000000 1.000000 1.000000
6.930000 1.980000

1100.000000 0.000000 -300.000000
0.000000 1.000000 0.000000
1.000000 1.000000 1.000000 1.000000
7.260000 1.980000

1150.000000 0.000000 -300.000000
0.000000 1.000000 0.000000
1.000000 1.000000 1.000000 1.000000
7.590000 1.980000

1200.000000 0.000000 -300.000000
0.000000 1.000000 0.000000
1.000000 1.000000 1.000000 1.000000
7.920000 1.980000

1250.000000 0.000000 -300.000000
0.000000 1.000000 0.000000
1.000000 1.000000 1.000000 1.000000
8.250000 1.980000

1300.000000 0.000000 -300.000000
0.000000 1.000000 0.000000
1.000000 1.000000 1.000000 1.000000
8.580000 1.980000

1350.000000 0.000000 -300.000000
0.000000 1.000000 0.000000
1.000000 1.000000 1.000000 1.000000
8.910001 1.980000

1450.000000 0.000000 -300.000000
-0.707107 0.707107 0.000000
1.000000 1.000000 1.000000 1.000000
9.240001 1.980000

1450.000000 513.000000 -300.000000
-0.707107 0.707107 0.000000
1.000000 1.000000 1.000000 1.000000
11.800902 1.980000

1500.000000 513.000000 -300.000000
-0.000000 1.000000 0.000000
1.000000 1.000000 1.000000 1.000000
9.900001 1.980000

1550.000000 513.000000 -300.000000
-0.000000 1.000000 0.000000
1.000000 1.000000 1.000000 1.000000
10.230000 1.980000

1600.000000 513.000000 -300.000000
-0.000000 1.000000 0.000000
1.000000 1.000000 1.000000 1.000000
10.560000 1.980000

1700.000000 513.000000 -300.000000
0.707107 0.707107 0.000000
1.000000 1.000000 1.000000 1.000000
10.890000 1.980000

1700.000000 0.000000 -300.000000
1.000000 0.000000 -0.000000
1.000000 1.000000 1.000000 1.000000
9.740402 1.980000

1700.000000 -405.000000 -300.000000
1.000000 0.000000 0.000000
1.000000 1.000000 1.000000 1.000000
11.550000 1.980000

50.000000 -405.000000 -350.000000
-1.000000 0.000000 0.000000
1.000000 1.000000 1.000000 1.000000
0.000000 2.310000

50.000000 0.000000 -350.000000
-0.707107 0.707107 0.000000
1.000000 1.000000 1.000000 1.000000
1.562018 2.310000

100.000000 0.000000 -350.000000
0.000000 1.000000 0.000000
1.000000 1.000000 1.000000 1.000000
0.660000 2.310000

150.000000 0.000000 -350.000000
0.000000 1.000000 0.000000
1.000000 1.000000 1.000000 1.000000
0.990000 2.310000

200.000000 0.000000 -350.000000
0.000000 1.000000 0.000000
1.000000 1.000000 1.000000 1.000000
1.320000 2.310000

250.000000 0.000000 -350.000000
0.000000 1.000000 0.000000
1.000000 1.000000 1.000000 1.000000
1.650000 2.310000

300.000000 0.000000 -350.000000
0.000000 1.000000 0.000000
1.000000 1.000000 1.000000 1.000000
1.980000 2.310000

350.000000 0.000000 -350.000000
0.000000 1.000000 0.000000
1.000000 1.000000 1.000000 1.000000
2.310000 2.310000

400.000000 0.000000 -350.000000
0.000000 1.000000 0.000000
1.000000 1.000000 1.000000 1.000000
2.640000 2.310000

450.000000 0.000000 -350.000000
0.000000 1.000000 0.000000
1.000000 1.000000 1.000000 1.000000
2.970000 2.310000

500.000000 0.000000 -350.000000
0.000000 1.000000 0.000000
1.000000 1.000000 1.000000 1.000000
3.300000 2.310000

550.000000 0.000000 -350.000000
0.000000 1.000000 0.000000
1.000000 1.000000 1.000000 1.000000
3.630000 2.310000

600.000000 0.000000 -350.000000
0.000000 1.000000 0.000000
1.000000 1.000000 1.000000 1.000000
3.960000 2.310000

650.000000 0.000000 -350.000000
0.387594 0.907742 0.160547
1.000000 1.000000 1.000000 1.000000
4.290000 2.310000

650.000000 -358.000000 -351.000000
0.0 -1.0 0.0
1.000000 1.000000 1.000000 1.000000
6.294879 2.310000

750.000000 -358.000000 -350.000000
0.0 -1.0 0.0
1.000000 1.000000 1.000000 1.000000
4.950000 2.310000

800.000000 -358.000000 -350.000000
0.0 -1.0 0.0
1.000000 1.000000 1.000000 1.000000
5.280000 2.310000

900.000000 -358.000000 -350.000000
0.0 -1.0 0.0
1.000000 1.000000 1.000000 1.000000
3.782133 2.310000

900.000000 0.000000 -350.000000
-0.707107 0.707107 0.000000
1.000000 1.000000 1.000000 1.000000
5.940000 2.310000

950.000000 0.000000 -350.000000
0.000000 1.000000 0.000000
1.000000 1.000000 1.000000 1.000000
6.270000 2.310000

1000.000000 0.000000 -350.000000
0.000000 1.000000 0.000000
1.000000 1.000000 1.000000 1.000000
6.600000 2.310000

1050.000000 0.000000 -350.000000
0.000000 1.000000 0.000000
1.000000 1.000000 1.000000 1.000000
6.930000 2.310000

1100.000000 0.000000 -350.000000
0.000000 1.000000 0.000000
1.000000 1.000000 1.000000 1.000000
7.260000 2.310000

1150.000000 0.000000 -350.000000
0.000000 1.000000 0.000000
1.000000 1.000000 1.000000 1.000000
7.590000 2.310000

1200.000000 0.000000 -350.000000
0.000000 1.000000 0.000000
1.000000 1.000000 1.000000 1.000000
7.920000 2.310000

1250.000000 0.000000 -350.000000
0.000000 1.000000 0.000000
1.000000 1.000000 1.000000 1.000000
8.250000 2.310000

1300.000000 0.000000 -350.000000
0.000000 1.000000 0.000000
1.000000 1.000000 1.000000 1.000000
8.580000 2.310000

1350.000000 0.000000 -350.000000
0.000000 1.000000 0.000000
1.000000 1.000000 1.000000 1.000000
8.910001 2.310000

1450.000000 0.000000 -350.000000
-0.707107 0.707107 0.000000
1.000000 1.000000 1.000000 1.000000
9.240001 2.310000

1450.000000 513.000000 -350.000000
-0.707107 0.707107 0.000000
1.000000 1.000000 1.000000 1.000000
11.800902 2.310000

1500.000000 513.000000 -350.000000
-0.000000 1.000000 0.000000
1.000000 1.000000 1.000000 1.000000
9.900001 2.310000

1550.000000 513.000000 -350.000000
-0.000000 1.000000 0.000000
1.000000 1.000000 1.000000 1.000000
10.230000 2.310000

1600.000000 513.000000 -350.000000
-0.000000 1.000000 0.000000
1.000000 1.000000 1.000000 1.000000
10.560000 2.310000

1700.000000 513.000000 -350.000000
0.707107 0.707107 0.000000
1.000000 1.000000 1.000000 1.000000
10.890000 2.310000

1700.000000 0.000000 -350.000000
1.000000 0.000000 -0.000000
1.000000 1.000000 1.000000 1.000000
9.740402 2.310000

1700.000000 -405.000000 -350.000000
1.000000 0.000000 0.000000
1.000000 1.000000 1.000000 1.000000
11.550000 2.310000

50.000000 -405.000000 -400.000000
-1.000000 0.000000 0.000000
1.000000 1.000000 1.000000 1.000000
0.000000 2.640000

50.000000 0.000000 -400.000000
-0.707107 0.707107 0.000000
1.000000 1.000000 1.000000 1.000000
1.562018 2.640000

100.000000 0.000000 -400.000000
0.000000 1.000000 0.000000
1.000000 1.000000 1.000000 1.000000
0.660000 2.640000

150.000000 0.000000 -400.000000
0.000000 1.000000 0.000000
1.000000 1.000000 1.000000 1.000000
0.990000 2.640000

200.000000 0.000000 -400.000000
0.000000 1.000000 0.000000
1.000000 1.000000 1.000000 1.000000
1.320000 2.640000

250.000000 0.000000 -400.000000
0.000000 1.000000 0.000000
1.000000 1.000000 1.000000 1.000000
1.650000 2.640000

300.000000 0.000000 -400.000000
0.000000 1.000000 0.000000
1.000000 1.000000 1.000000 1.000000
1.980000 2.640000

350.000000 0.000000 -400.000000
0.000000 1.000000 0.000000
1.000000 1.000000 1.000000 1.000000
2.310000 2.640000

400.000000 0.000000 -400.000000
0.000000 1.000000 0.000000
1.000000 1.000000 1.000000 1.000000
2.640000 2.640000

450.000000 0.000000 -400.000000
0.000000 1.000000 0.000000
1.000000 1.000000 1.000000 1.000000
2.970000 2.640000

500.000000 0.000000 -400.000000
0.000000 1.000000 0.000000
1.000000 1.000000 1.000000 1.000000
3.300000 2.640000

550.000000 0.000000 -400.000000
0.000000 1.000000 0.000000
1.000000 1.000000 1.000000 1.000000
3.630000 2.640000

600.000000 0.000000 -400.000000
0.000000 1.000000 0.000000
1.000000 1.000000 1.000000 1.000000
3.960000 2.640000

650.000000 0.000000 -400.000000
0.000000 1.000000 0.000000
1.000000 1.000000 1.000000 1.000000
4.290000 2.640000

700.000000 0.000000 -400.000000
0.156289 0.913643 0.375274
1.000000 1.000000 1.000000 1.000000
4.620000 2.640000

750.000000 0.000000 -400.000000
-0.002189 0.754131 0.656721
1.000000 1.000000 1.000000 1.000000
4.950000 2.640000

800.000000 0.000000 -400.000000
0.000000 0.754428 0.656383
1.000000 1.000000 1.000000 1.000000
5.280000 2.640000

850.000000 0.000000 -400.000000
0.000000 0.754428 0.656383
1.000000 1.000000 1.000000 1.000000
5.610000 2.640000

900.000000 0.000000 -400.000000
-0.228775 0.946745 0.226576
1.000000 1.000000 1.000000 1.000000
5.940000 2.640000

950.000000 0.000000 -400.000000
0.000000 1.000000 0.000000
1.000000 1.000000 1.000000 1.000000
6.270000 2.640000

1000.000000 0.000000 -400.000000
0.000000 1.000000 0.000000
1.000000 1.000000 1.000000 1.000000
6.600000 2.640000

1050.000000 0.000000 -400.000000
0.000000 1.000000 0.000000
1.000000 1.000000 1.000000 1.000000
6.930000 2.640000

1100.000000 0.000000 -400.000000
0.000000 1.000000 0.000000
1.000000 1.000000 1.000000 1.000000
7.260000 2.640000

1150.000000 0.000000 -400.000000
0.000000 1.000000 0.000000
1.000000 1.000000 1.000000 1.000000
7.590000 2.640000

1200.000000 0.000000 -400.000000
0.000000 1.000000 0.000000
1.000000 1.000000 1.000000 1.000000
7.920000 2.640000

1250.000000 0.000000 -400.000000
0.000000 1.000000 0.000000
1.000000 1.000000 1.000000 1.000000
8.250000 2.640000

1300.000000 0.000000 -400.000000
0.000000 1.000000 0.000000
1.000000 1.000000 1.000000 1.000000
8.580000 2.640000

1350.000000 0.000000 -400.000000
0.000000 1.000000 0.000000
1.000000 1.000000 1.000000 1.000000
8.910001 2.640000

1450.000000 0.000000 -400.000000
-0.447214 0.894427 0.000000
1.000000 1.000000 1.000000 1.000000
9.240001 2.640000

1450.000000 513.000000 -400.000000
-0.790898 0.314781 -0.524779
1.000000 1.000000 1.000000 1.000000
12.160048 4.026900

1500.000000 513.000000 -400.000000
0.000000 0.740610 -0.671935
1.000000 1.000000 1.000000 1.000000
9.900001 4.026900

1550.000000 513.000000 -400.000000
0.000000 0.740610 -0.671935
1.000000 1.000000 1.000000 1.000000
10.230000 4.026900

1600.000000 513.000000 -400.000000
0.000000 0.740610 -0.671935
1.000000 1.000000 1.000000 1.000000
10.560000 4.026900

1700.000000 513.000000 -400.000000
0.559541 0.613820 -0.556902
1.000000 1.000000 1.000000 1.000000
10.890000 4.026900

1700.000000 0.000000 -400.000000
1.000000 0.000000 -0.000000
1.000000 1.000000 1.000000 1.000000
9.740402 2.640000

1700.000000 -405.000000 -400.000000
1.000000 0.000000 0.000000
1.000000 1.000000 1.000000 1.000000
11.550000 2.640000

50.000000 -405.000000 -450.000000
-1.000000 0.000000 0.000000
1.000000 1.000000 1.000000 1.000000
0.000000 2.970000

50.000000 0.000000 -450.000000
-0.666667 0.333333 -0.666667
1.000000 1.000000 1.000000 1.000000
1.562018 1.554049

100.000000 0.000000 -450.000000
0.000000 0.707107 -0.707107
1.000000 1.000000 1.000000 1.000000
0.660000 1.554049

150.000000 0.000000 -450.000000
0.000000 0.707107 -0.707107
1.000000 1.000000 1.000000 1.000000
0.990000 1.554049

200.000000 0.000000 -450.000000
0.000000 0.707107 -0.707107
1.000000 1.000000 1.000000 1.000000
1.320000 1.554049

250.000000 0.000000 -450.000000
0.000000 0.707107 -0.707107
1.000000 1.000000 1.000000 1.000000
1.650000 1.554049

300.000000 0.000000 -450.000000
0.000000 0.707107 -0.707107
1.000000 1.000000 1.000000 1.000000
1.980000 1.554049

350.000000 0.000000 -450.000000
0.000000 0.707107 -0.707107
1.000000 1.000000 1.000000 1.000000
2.310000 1.554049

400.000000 0.000000 -450.000000
0.000000 0.707107 -0.707107
1.000000 1.000000 1.000000 1.000000
2.640000 1.554049

450.000000 0.000000 -450.000000
0.000000 0.707107 -0.707107
1.000000 1.000000 1.000000 1.000000
2.970000 1.554049

500.000000 0.000000 -450.000000
0.000000 0.707107 -0.707107
1.000000 1.000000 1.000000 1.000000
3.300000 1.554049

550.000000 0.000000 -450.000000
0.000000 0.707107 -0.707107
1.000000 1.000000 1.000000 1.000000
3.630000 1.554049

600.000000 0.000000 -450.000000
0.000000 0.707107 -0.707107
1.000000 1.000000 1.000000 1.000000
3.960000 1.554049

650.000000 0.000000 -450.000000
0.000000 0.707107 -0.707107
1.000000 1.000000 1.000000 1.000000
4.290000 1.554049

700.000000 0.000000 -450.000000
0.000000 0.707107 -0.707107
1.000000 1.000000 1.000000 1.000000
4.620000 1.554049

750.000000 0.000000 -450.000000
0.000000 0.707107 -0.707107
1.000000 1.000000 1.000000 1.000000
4.950000 1.554049

800.000000 0.000000 -450.000000
0.000000 0.707107 -0.707107
1.000000 1.000000 1.000000 1.000000
5.280000 1.554049

850.000000 0.000000 -450.000000
0.000000 0.707107 -0.707107
1.000000 1.000000 1.000000 1.000000
5.610000 1.554049

900.000000 0.000000 -450.000000
0.000000 0.707107 -0.707107
1.000000 1.000000 1.000000 1.000000
5.940000 1.554049

950.000000 0.000000 -450.000000
0.000000 0.707107 -0.707107
1.000000 1.000000 1.000000 1.000000
6.270000 1.554049

1000.000000 0.000000 -450.000000
0.000000 0.707107 -0.707107
1.000000 1.000000 1.000000 1.000000
6.600000 1.554049

1050.000000 0.000000 -450.000000
0.000000 0.707107 -0.707107
1.000000 1.000000 1.000000 1.000000
6.930000 1.554049

1100.000000 0.000000 -450.000000
0.000000 0.707107 -0.707107
1.000000 1.000000 1.000000 1.000000
7.260000 1.554049

1150.000000 0.000000 -450.000000
0.000000 0.707107 -0.707107
1.000000 1.000000 1.000000 1.000000
7.590000 1.554049

1200.000000 0.000000 -450.000000
0.000000 0.707107 -0.707107
1.000000 1.000000 1.000000 1.000000
7.920000 1.554049

1250.000000 0.000000 -450.000000
0.000000 0.707107 -0.707107
1.000000 1.000000 1.000000 1.000000
8.250000 1.554049

1300.000000 0.000000 -450.000000
0.000000 0.707107 -0.707107
1.000000 1.000000 1.000000 1.000000
8.580000 1.554049

1350.000000 0.000000 -450.000000
0.000000 0.707107 -0.707107
1.000000 1.000000 1.000000 1.000000
8.910001 1.554049

1400.000000 0.000000 -450.000000
0.000000 0.707107 -0.707107
1.000000 1.000000 1.000000 1.000000
9.240001 1.554049

1450.000000 0.000000 -450.000000
-0.234625 0.257385 -0.937392
1.000000 1.000000 1.000000 1.000000
9.570001 1.554049

1500.000000 0.000000 -450.000000
0.000000 0.048560 -0.998820
1.000000 1.000000 1.000000 1.000000
9.900001 1.554049

1550.000000 0.000000 -450.000000
0.000000 0.048560 -0.998820
1.000000 1.000000 1.000000 1.000000
10.230000 1.554049

1600.000000 0.000000 -450.000000
0.000000 0.048560 -0.998820
1.000000 1.000000 1.000000 1.000000
10.560000 1.554049

1650.000000 0.000000 -450.000000
0.000000 0.048560 -0.998820
1.000000 1.000000 1.000000 1.000000
10.890000 1.554049

1700.000000 0.000000 -450.000000
0.707524 0.034317 -0.705856
1.000000 1.000000 1.000000 1.000000
11.220000 1.554049

1700.000000 -405.000000 -450.000000
1.000000 0.000000 0.000000
1.000000 1.000000 1.000000 1.000000
11.550000 2.970000

0.000000 -405.000000 -450.000000
0.000000 1.000000 0.000000
1.000000 1.000000 1.000000 1.000000
0.000000 3.300000

50.000000 -405.000000 -450.000000
0.000000 0.000000 -1.000000
1.000000 1.000000 1.000000 1.000000
0.330000 3.300000

100.000000 -405.000000 -450.000000
0.000000 0.000000 -1.000000
1.000000 1.000000 1.000000 1.000000
0.660000 3.300000

150.000000 -405.000000 -450.000000
0.000000 0.000000 -1.000000
1.000000 1.000000 1.000000 1.000000
0.990000 3.300000

200.000000 -405.000000 -450.000000
0.000000 0.000000 -1.000000
1.000000 1.000000 1.000000 1.000000
1.320000 3.300000

250.000000 -405.000000 -450.000000
0.000000 0.000000 -1.000000
1.000000 1.000000 1.000000 1.000000
1.650000 3.300000

300.000000 -405.000000 -450.000000
0.000000 0.000000 -1.000000
1.000000 1.000000 1.000000 1.000000
1.980000 3.300000

350.000000 -405.000000 -450.000000
0.000000 0.000000 -1.000000
1.000000 1.000000 1.000000 1.000000
2.310000 3.300000

400.000000 -405.000000 -450.000000
0.000000 0.000000 -1.000000
1.000000 1.000000 1.000000 1.000000
2.640000 3.300000

450.000000 -405.000000 -450.000000
0.000000 0.000000 -1.000000
1.000000 1.000000 1.000000 1.000000
2.970000 3.300000

500.000000 -405.000000 -450.000000
0.000000 0.000000 -1.000000
1.000000 1.000000 1.000000 1.000000
3.300000 3.300000

550.000000 -405.000000 -450.000000
0.000000 0.000000 -1.000000
1.000000 1.000000 1.000000 1.000000
3.630000 3.300000

600.000000 -405.000000 -450.000000
0.000000 0.000000 -1.000000
1.000000 1.000000 1.000000 1.000000
3.960000 3.300000

650.000000 -405.000000 -450.000000
0.000000 0.000000 -1.000000
1.000000 1.000000 1.000000 1.000000
4.290000 3.300000

700.000000 -405.000000 -450.000000
0.000000 0.000000 -1.000000
1.000000 1.000000 1.000000 1.000000
4.620000 3.300000

750.000000 -405.000000 -450.000000
0.000000 0.000000 -1.000000
1.000000 1.000000 1.000000 1.000000
4.950000 3.300000

800.000000 -405.000000 -450.000000
0.000000 0.000000 -1.000000
1.000000 1.000000 1.000000 1.000000
5.280000 3.300000

850.000000 -405.000000 -450.000000
0.000000 0.000000 -1.000000
1.000000 1.000000 1.000000 1.000000
5.610000 3.300000

900.000000 -405.000000 -450.000000
0.000000 0.000000 -1.000000
1.000000 1.000000 1.000000 1.000000
5.940000 3.300000

950.000000 -405.000000 -450.000000
0.000000 0.000000 -1.000000
1.000000 1.000000 1.000000 1.000000
6.270000 3.300000

1000.000000 -405.000000 -450.000000
0.000000 0.000000 -1.000000
1.000000 1.000000 1.000000 1.000000
6.600000 3.300000

1050.000000 -405.000000 -450.000000
0.000000 0.000000 -1.000000
1.000000 1.000000 1.000000 1.000000
6.930000 3.300000

1100.000000 -405.000000 -450.000000
0.000000 0.000000 -1.000000
1.000000 1.000000 1.000000 1.000000
7.260000 3.300000

1150.000000 -405.000000 -450.000000
0.000000 0.000000 -1.000000
1.000000 1.000000 1.000000 1.000000
7.590000 3.300000

1200.000000 -405.000000 -450.000000
0.000000 0.000000 -1.000000
1.000000 1.000000 1.000000 1.000000
7.920000 3.300000

1250.000000 -405.000000 -450.000000
0.000000 0.000000 -1.000000
1.000000 1.000000 1.000000 1.000000
8.250000 3.300000

1300.000000 -405.000000 -450.000000
0.000000 0.000000 -1.000000
1.000000 1.000000 1.000000 1.000000
8.580000 3.300000

1350.000000 -405.000000 -450.000000
0.000000 0.000000 -1.000000
1.000000 1.000000 1.000000 1.000000
8.910001 3.300000

1400.000000 -405.000000 -450.000000
0.000000 0.000000 -1.000000
1.000000 1.000000 1.000000 1.000000
9.240001 3.300000

1450.000000 -405.000000 -450.000000
0.000000 0.000000 -1.000000
1.000000 1.000000 1.000000 1.000000
9.570001 3.300000

1500.000000 -405.000000 -450.000000
0.000000 0.000000 -1.000000
1.000000 1.000000 1.000000 1.000000
9.900001 3.300000

1550.000000 -405.000000 -450.000000
0.000000 0.000000 -1.000000
1.000000 1.000000 1.000000 1.000000
10.230000 3.300000

1600.000000 -405.000000 -450.000000
0.000000 0.000000 -1.000000
1.000000 1.000000 1.000000 1.000000
10.560000 3.300000

1650.000000 -405.000000 -450.000000
0.000000 0.000000 -1.000000
1.000000 1.000000 1.000000 1.000000
10.890000 3.300000

1700.000000 -405.000000 -450.000000
0.000000 0.000000 -1.000000
1.000000 1.000000 1.000000 1.000000
11.220000 3.300000

1700.000000 -405.000000 -450.000000
0.000000 0.000000 -1.000000
1.000000 1.000000 1.000000 1.000000
11.550000 3.300000

