168 21 8

100.000000 -500.000000 -250.000000
-1.000000 0.000000 0.000000
1.000000 1.000000 1.000000 1.000000
0.000000 0.000000

100.000000 -500.000000 -250.000000
0.000000 0.000000 1.000000
1.000000 1.000000 1.000000 1.000000
0.330000 0.000000

200.000000 -500.000000 -250.000000
-0.000000 0.000000 1.000000
1.000000 1.000000 1.000000 1.000000
0.660000 0.000000

300.000000 -500.000000 -250.000000
-0.000000 0.000000 1.000000
1.000000 1.000000 1.000000 1.000000
0.990000 0.000000

400.000000 -500.000000 -250.000000
-0.000000 0.000000 1.000000
1.000000 1.000000 1.000000 1.000000
1.320000 0.000000

500.000000 -500.000000 -250.000000
-0.000000 0.000000 1.000000
1.000000 1.000000 1.000000 1.000000
1.650000 0.000000

600.000000 -500.000000 -250.000000
0.000000 0.000000 1.000000
1.000000 1.000000 1.000000 1.000000
1.980000 0.000000

700.000000 -500.000000 -250.000000
0.000000 0.000000 1.000000
1.000000 1.000000 1.000000 1.000000
3.184937 0.000000

100.000000 -500.000000 -250.000000
-1.000000 0.000000 0.000000
1.000000 1.000000 1.000000 1.000000
-0.703995 0.330000

100.000000 0.000000 -250.000000
-0.408248 0.816497 0.408248
1.000000 1.000000 1.000000 1.000000
0.330000 0.330000

200.000000 0.000000 -250.000000
-0.000000 0.707107 0.707107
1.000000 1.000000 1.000000 1.000000
0.660000 0.330000

300.000000 0.000000 -250.000000
-0.000000 0.707107 0.707107
1.000000 1.000000 1.000000 1.000000
0.990000 0.330000

400.000000 0.000000 -250.000000
-0.000000 0.707107 0.707107
1.000000 1.000000 1.000000 1.000000
1.320000 0.330000

500.000000 0.000000 -250.000000
-0.000000 0.707107 0.707107
1.000000 1.000000 1.000000 1.000000
1.650000 0.330000

600.000000 0.000000 -250.000000
0.666667 0.333333 0.666667
1.000000 1.000000 1.000000 1.000000
1.980000 0.330000

600.000000 -500.000000 -250.000000
1.000000 0.000000 0.000000
1.000000 1.000000 1.000000 1.000000
3.184937 0.330000

100.000000 -500.000000 -500.000000
-1.000000 0.000000 0.000000
1.000000 1.000000 1.000000 1.000000
-0.703995 0.660000

100.000000 0.000000 -500.000000
-0.707107 0.707107 0.000000
1.000000 1.000000 1.000000 1.000000
0.330000 0.660000

200.000000 0.000000 -500.000000
0.000000 1.000000 0.000000
1.000000 1.000000 1.000000 1.000000
0.660000 0.660000

300.000000 0.000000 -500.000000
0.000000 1.000000 0.000000
1.000000 1.000000 1.000000 1.000000
0.990000 0.660000

400.000000 0.000000 -500.000000
0.000000 1.000000 0.000000
1.000000 1.000000 1.000000 1.000000
1.320000 0.660000

500.000000 0.000000 -500.000000
0.000000 1.000000 0.000000
1.000000 1.000000 1.000000 1.000000
1.650000 0.660000

600.000000 0.000000 -500.000000
0.707107 0.707107 0.000000
1.000000 1.000000 1.000000 1.000000
1.980000 0.660000

600.000000 -500.000000 -500.000000
1.000000 0.000000 -0.000000
1.000000 1.000000 1.000000 1.000000
3.184937 0.660000

100.000000 -500.000000 -750.000000
-1.000000 0.000000 0.000000
1.000000 1.000000 1.000000 1.000000
-0.703995 0.990000

100.000000 0.000000 -750.000000
-0.707107 0.707107 0.000000
1.000000 1.000000 1.000000 1.000000
0.330000 0.990000

200.000000 0.000000 -750.000000
0.000000 1.000000 0.000000
1.000000 1.000000 1.000000 1.000000
0.660000 0.990000

300.000000 0.000000 -750.000000
0.000000 1.000000 0.000000
1.000000 1.000000 1.000000 1.000000
0.990000 0.990000

400.000000 0.000000 -750.000000
0.000000 1.000000 0.000000
1.000000 1.000000 1.000000 1.000000
1.320000 0.990000

500.000000 0.000000 -750.000000
0.000000 1.000000 0.000000
1.000000 1.000000 1.000000 1.000000
1.650000 0.990000

600.000000 0.000000 -750.000000
0.707107 0.707107 0.000000
1.000000 1.000000 1.000000 1.000000
1.980000 0.990000

600.000000 -500.000000 -750.000000
1.000000 0.000000 -0.000000
1.000000 1.000000 1.000000 1.000000
3.184937 0.990000

100.000000 -500.000000 -1000.000000
-1.000000 0.000000 0.000000
1.000000 1.000000 1.000000 1.000000
-0.703995 1.320000

100.000000 0.000000 -1000.000000
-0.707107 0.707107 0.000000
1.000000 1.000000 1.000000 1.000000
0.330000 1.320000

200.000000 0.000000 -1000.000000
0.000000 1.000000 0.000000
1.000000 1.000000 1.000000 1.000000
0.660000 1.320000

300.000000 0.000000 -1000.000000
0.000000 1.000000 0.000000
1.000000 1.000000 1.000000 1.000000
0.990000 1.320000

400.000000 0.000000 -1000.000000
0.000000 1.000000 0.000000
1.000000 1.000000 1.000000 1.000000
1.320000 1.320000

500.000000 0.000000 -1000.000000
0.000000 1.000000 0.000000
1.000000 1.000000 1.000000 1.000000
1.650000 1.320000

600.000000 0.000000 -1000.000000
0.707107 0.707107 0.000000
1.000000 1.000000 1.000000 1.000000
1.980000 1.320000

600.000000 -500.000000 -1000.000000
1.000000 0.000000 -0.000000
1.000000 1.000000 1.000000 1.000000
3.184937 1.320000

100.000000 -500.000000 -1250.000000
-1.000000 0.000000 0.000000
1.000000 1.000000 1.000000 1.000000
-0.703995 1.650000

100.000000 0.000000 -1250.000000
-0.707107 0.707107 0.000000
1.000000 1.000000 1.000000 1.000000
0.330000 1.650000

200.000000 0.000000 -1250.000000
0.000000 1.000000 0.000000
1.000000 1.000000 1.000000 1.000000
0.660000 1.650000

300.000000 0.000000 -1250.000000
0.000000 1.000000 0.000000
1.000000 1.000000 1.000000 1.000000
0.990000 1.650000

400.000000 0.000000 -1250.000000
0.000000 1.000000 0.000000
1.000000 1.000000 1.000000 1.000000
1.320000 1.650000

500.000000 0.000000 -1250.000000
0.000000 1.000000 0.000000
1.000000 1.000000 1.000000 1.000000
1.650000 1.650000

600.000000 0.000000 -1250.000000
0.707107 0.707107 0.000000
1.000000 1.000000 1.000000 1.000000
1.980000 1.650000

600.000000 -500.000000 -1250.000000
1.000000 0.000000 -0.000000
1.000000 1.000000 1.000000 1.000000
3.184937 1.650000

100.000000 -500.000000 -1500.000000
-1.000000 0.000000 0.000000
1.000000 1.000000 1.000000 1.000000
-0.703995 1.980000

100.000000 0.000000 -1500.000000
-0.707107 0.707107 0.000000
1.000000 1.000000 1.000000 1.000000
0.330000 1.980000

200.000000 0.000000 -1500.000000
0.000000 1.000000 0.000000
1.000000 1.000000 1.000000 1.000000
0.660000 1.980000

300.000000 0.000000 -1500.000000
0.000000 1.000000 0.000000
1.000000 1.000000 1.000000 1.000000
0.990000 1.980000

400.000000 0.000000 -1500.000000
0.000000 1.000000 0.000000
1.000000 1.000000 1.000000 1.000000
1.320000 1.980000

500.000000 0.000000 -1500.000000
0.000000 1.000000 0.000000
1.000000 1.000000 1.000000 1.000000
1.650000 1.980000

600.000000 0.000000 -1500.000000
0.707107 0.707107 0.000000
1.000000 1.000000 1.000000 1.000000
1.980000 1.980000

600.000000 -500.000000 -1500.000000
1.000000 0.000000 -0.000000
1.000000 1.000000 1.000000 1.000000
3.184937 1.980000

100.000000 -500.000000 -1750.000000
-1.000000 0.000000 0.000000
1.000000 1.000000 1.000000 1.000000
-0.703995 2.310000

100.000000 0.000000 -1750.000000
-0.707107 0.707107 0.000000
1.000000 1.000000 1.000000 1.000000
0.330000 2.310000

200.000000 0.000000 -1750.000000
0.000000 1.000000 0.000000
1.000000 1.000000 1.000000 1.000000
0.660000 2.310000

300.000000 0.000000 -1750.000000
0.000000 1.000000 0.000000
1.000000 1.000000 1.000000 1.000000
0.990000 2.310000

400.000000 0.000000 -1750.000000
0.000000 1.000000 0.000000
1.000000 1.000000 1.000000 1.000000
1.320000 2.310000

500.000000 0.000000 -1750.000000
0.000000 1.000000 0.000000
1.000000 1.000000 1.000000 1.000000
1.650000 2.310000

600.000000 0.000000 -1750.000000
0.707107 0.707107 0.000000
1.000000 1.000000 1.000000 1.000000
1.980000 2.310000

600.000000 -500.000000 -1750.000000
1.000000 0.000000 -0.000000
1.000000 1.000000 1.000000 1.000000
3.184937 2.310000

100.000000 -500.000000 -2000.000000
-1.000000 0.000000 0.000000
1.000000 1.000000 1.000000 1.000000
-0.703995 2.640000

100.000000 0.000000 -2000.000000
-0.707107 0.707107 0.000000
1.000000 1.000000 1.000000 1.000000
0.330000 2.640000

200.000000 0.000000 -2000.000000
0.000000 1.000000 0.000000
1.000000 1.000000 1.000000 1.000000
0.660000 2.640000

300.000000 0.000000 -2000.000000
0.000000 1.000000 0.000000
1.000000 1.000000 1.000000 1.000000
0.990000 2.640000

400.000000 0.000000 -2000.000000
0.000000 1.000000 0.000000
1.000000 1.000000 1.000000 1.000000
1.320000 2.640000

500.000000 0.000000 -2000.000000
0.000000 1.000000 0.000000
1.000000 1.000000 1.000000 1.000000
1.650000 2.640000

600.000000 0.000000 -2000.000000
0.707107 0.707107 0.000000
1.000000 1.000000 1.000000 1.000000
1.980000 2.640000

600.000000 -500.000000 -2000.000000
1.000000 0.000000 -0.000000
1.000000 1.000000 1.000000 1.000000
3.184937 2.640000

100.000000 -500.000000 -2250.000000
-1.000000 0.000000 0.000000
1.000000 1.000000 1.000000 1.000000
-0.703995 2.970000

100.000000 0.000000 -2250.000000
-0.707107 0.707107 0.000000
1.000000 1.000000 1.000000 1.000000
0.330000 2.970000

200.000000 0.000000 -2250.000000
0.000000 1.000000 0.000000
1.000000 1.000000 1.000000 1.000000
0.660000 2.970000

300.000000 0.000000 -2250.000000
0.000000 1.000000 0.000000
1.000000 1.000000 1.000000 1.000000
0.990000 2.970000

400.000000 0.000000 -2250.000000
0.000000 1.000000 0.000000
1.000000 1.000000 1.000000 1.000000
1.320000 2.970000

500.000000 0.000000 -2250.000000
0.000000 1.000000 0.000000
1.000000 1.000000 1.000000 1.000000
1.650000 2.970000

600.000000 0.000000 -2250.000000
0.707107 0.707107 0.000000
1.000000 1.000000 1.000000 1.000000
1.980000 2.970000

600.000000 -500.000000 -2250.000000
1.000000 0.000000 -0.000000
1.000000 1.000000 1.000000 1.000000
3.184937 2.970000

100.000000 -500.000000 -2500.000000
-1.000000 0.000000 0.000000
1.000000 1.000000 1.000000 1.000000
-0.703995 3.300000

100.000000 0.000000 -2500.000000
-0.707107 0.707107 0.000000
1.000000 1.000000 1.000000 1.000000
0.330000 3.300000

200.000000 0.000000 -2500.000000
0.000000 1.000000 0.000000
1.000000 1.000000 1.000000 1.000000
0.660000 3.300000

300.000000 0.000000 -2500.000000
0.000000 1.000000 0.000000
1.000000 1.000000 1.000000 1.000000
0.990000 3.300000

400.000000 0.000000 -2500.000000
0.000000 1.000000 0.000000
1.000000 1.000000 1.000000 1.000000
1.320000 3.300000

500.000000 0.000000 -2500.000000
0.000000 1.000000 0.000000
1.000000 1.000000 1.000000 1.000000
1.650000 3.300000

600.000000 0.000000 -2500.000000
0.707107 0.707107 0.000000
1.000000 1.000000 1.000000 1.000000
1.980000 3.300000

600.000000 -500.000000 -2500.000000
1.000000 0.000000 -0.000000
1.000000 1.000000 1.000000 1.000000
3.184937 3.300000

100.000000 -500.000000 -2750.000000
-1.000000 0.000000 0.000000
1.000000 1.000000 1.000000 1.000000
-0.703995 3.630000

100.000000 0.000000 -2750.000000
-0.707107 0.707107 0.000000
1.000000 1.000000 1.000000 1.000000
0.330000 3.630000

200.000000 0.000000 -2750.000000
0.000000 1.000000 0.000000
1.000000 1.000000 1.000000 1.000000
0.660000 3.630000

300.000000 0.000000 -2750.000000
0.000000 1.000000 0.000000
1.000000 1.000000 1.000000 1.000000
0.990000 3.630000

400.000000 0.000000 -2750.000000
0.000000 1.000000 0.000000
1.000000 1.000000 1.000000 1.000000
1.320000 3.630000

500.000000 0.000000 -2750.000000
0.000000 1.000000 0.000000
1.000000 1.000000 1.000000 1.000000
1.650000 3.630000

600.000000 0.000000 -2750.000000
0.707107 0.707107 0.000000
1.000000 1.000000 1.000000 1.000000
1.980000 3.630000

600.000000 -500.000000 -2750.000000
1.000000 0.000000 -0.000000
1.000000 1.000000 1.000000 1.000000
3.184937 3.630000

100.000000 -500.000000 -3000.000000
-1.000000 0.000000 0.000000
1.000000 1.000000 1.000000 1.000000
-0.703995 3.960000

100.000000 0.000000 -3000.000000
-0.707107 0.707107 0.000000
1.000000 1.000000 1.000000 1.000000
0.330000 3.960000

200.000000 0.000000 -3000.000000
0.000000 1.000000 0.000000
1.000000 1.000000 1.000000 1.000000
0.660000 3.960000

300.000000 0.000000 -3000.000000
0.000000 1.000000 0.000000
1.000000 1.000000 1.000000 1.000000
0.990000 3.960000

400.000000 0.000000 -3000.000000
0.000000 1.000000 0.000000
1.000000 1.000000 1.000000 1.000000
1.320000 3.960000

500.000000 0.000000 -3000.000000
0.000000 1.000000 0.000000
1.000000 1.000000 1.000000 1.000000
1.650000 3.960000

600.000000 0.000000 -3000.000000
0.707107 0.707107 0.000000
1.000000 1.000000 1.000000 1.000000
1.980000 3.960000

600.000000 -500.000000 -3000.000000
1.000000 0.000000 -0.000000
1.000000 1.000000 1.000000 1.000000
3.184937 3.960000

100.000000 -500.000000 -3250.000000
-1.000000 0.000000 0.000000
1.000000 1.000000 1.000000 1.000000
-0.703995 4.290000

100.000000 0.000000 -3250.000000
-0.707107 0.707107 0.000000
1.000000 1.000000 1.000000 1.000000
0.330000 4.290000

200.000000 0.000000 -3250.000000
0.000000 1.000000 0.000000
1.000000 1.000000 1.000000 1.000000
0.660000 4.290000

300.000000 0.000000 -3250.000000
0.000000 1.000000 0.000000
1.000000 1.000000 1.000000 1.000000
0.990000 4.290000

400.000000 0.000000 -3250.000000
0.000000 1.000000 0.000000
1.000000 1.000000 1.000000 1.000000
1.320000 4.290000

500.000000 0.000000 -3250.000000
0.000000 1.000000 0.000000
1.000000 1.000000 1.000000 1.000000
1.650000 4.290000

600.000000 0.000000 -3250.000000
0.707107 0.707107 0.000000
1.000000 1.000000 1.000000 1.000000
1.980000 4.290000

600.000000 -500.000000 -3250.000000
1.000000 0.000000 -0.000000
1.000000 1.000000 1.000000 1.000000
3.184937 4.290000

100.000000 -500.000000 -3500.000000
-1.000000 0.000000 0.000000
1.000000 1.000000 1.000000 1.000000
-0.703995 4.620000

100.000000 0.000000 -3500.000000
-0.707107 0.707107 0.000000
1.000000 1.000000 1.000000 1.000000
0.330000 4.620000

200.000000 0.000000 -3500.000000
0.000000 1.000000 0.000000
1.000000 1.000000 1.000000 1.000000
0.660000 4.620000

300.000000 0.000000 -3500.000000
0.000000 1.000000 0.000000
1.000000 1.000000 1.000000 1.000000
0.990000 4.620000

400.000000 0.000000 -3500.000000
0.000000 1.000000 0.000000
1.000000 1.000000 1.000000 1.000000
1.320000 4.620000

500.000000 0.000000 -3500.000000
0.000000 1.000000 0.000000
1.000000 1.000000 1.000000 1.000000
1.650000 4.620000

600.000000 0.000000 -3500.000000
0.707107 0.707107 0.000000
1.000000 1.000000 1.000000 1.000000
1.980000 4.620000

600.000000 -500.000000 -3500.000000
1.000000 0.000000 -0.000000
1.000000 1.000000 1.000000 1.000000
3.184937 4.620000

100.000000 -500.000000 -3750.000000
-1.000000 0.000000 0.000000
1.000000 1.000000 1.000000 1.000000
-0.703995 4.950000

100.000000 0.000000 -3750.000000
-0.707107 0.707107 0.000000
1.000000 1.000000 1.000000 1.000000
0.330000 4.950000

200.000000 0.000000 -3750.000000
0.000000 1.000000 0.000000
1.000000 1.000000 1.000000 1.000000
0.660000 4.950000

300.000000 0.000000 -3750.000000
0.000000 1.000000 0.000000
1.000000 1.000000 1.000000 1.000000
0.990000 4.950000

400.000000 0.000000 -3750.000000
0.000000 1.000000 0.000000
1.000000 1.000000 1.000000 1.000000
1.320000 4.950000

500.000000 0.000000 -3750.000000
0.000000 1.000000 0.000000
1.000000 1.000000 1.000000 1.000000
1.650000 4.950000

600.000000 0.000000 -3750.000000
0.707107 0.707107 0.000000
1.000000 1.000000 1.000000 1.000000
1.980000 4.950000

600.000000 -500.000000 -3750.000000
1.000000 0.000000 -0.000000
1.000000 1.000000 1.000000 1.000000
3.184937 4.950000

100.000000 -500.000000 -4000.000000
-1.000000 0.000000 0.000000
1.000000 1.000000 1.000000 1.000000
-0.703995 5.280000

100.000000 0.000000 -4000.000000
-0.707107 0.707107 0.000000
1.000000 1.000000 1.000000 1.000000
0.330000 5.280000

200.000000 0.000000 -4000.000000
0.000000 1.000000 0.000000
1.000000 1.000000 1.000000 1.000000
0.660000 5.280000

300.000000 0.000000 -4000.000000
0.000000 1.000000 0.000000
1.000000 1.000000 1.000000 1.000000
0.990000 5.280000

400.000000 0.000000 -4000.000000
0.000000 1.000000 0.000000
1.000000 1.000000 1.000000 1.000000
1.320000 5.280000

500.000000 0.000000 -4000.000000
0.000000 1.000000 0.000000
1.000000 1.000000 1.000000 1.000000
1.650000 5.280000

600.000000 0.000000 -4000.000000
0.707107 0.707107 0.000000
1.000000 1.000000 1.000000 1.000000
1.980000 5.280000

600.000000 -500.000000 -4000.000000
1.000000 0.000000 -0.000000
1.000000 1.000000 1.000000 1.000000
3.184937 5.280000

100.000000 -500.000000 -4250.000000
-1.000000 0.000000 0.000000
1.000000 1.000000 1.000000 1.000000
-0.703995 5.610000

100.000000 0.000000 -4250.000000
-0.707107 0.707107 0.000000
1.000000 1.000000 1.000000 1.000000
0.330000 5.610000

200.000000 0.000000 -4250.000000
0.000000 1.000000 0.000000
1.000000 1.000000 1.000000 1.000000
0.660000 5.610000

300.000000 0.000000 -4250.000000
0.000000 1.000000 0.000000
1.000000 1.000000 1.000000 1.000000
0.990000 5.610000

400.000000 0.000000 -4250.000000
0.000000 1.000000 0.000000
1.000000 1.000000 1.000000 1.000000
1.320000 5.610000

500.000000 0.000000 -4250.000000
0.000000 1.000000 0.000000
1.000000 1.000000 1.000000 1.000000
1.650000 5.610000

600.000000 0.000000 -4250.000000
0.707107 0.707107 0.000000
1.000000 1.000000 1.000000 1.000000
1.980000 5.610000

600.000000 -500.000000 -4250.000000
1.000000 0.000000 -0.000000
1.000000 1.000000 1.000000 1.000000
3.184937 5.610000

100.000000 -500.000000 -4500.000000
-1.000000 0.000000 0.000000
1.000000 1.000000 1.000000 1.000000
-0.703995 5.940000

100.000000 0.000000 -4500.000000
-0.707107 0.707107 0.000000
1.000000 1.000000 1.000000 1.000000
0.330000 5.940000

200.000000 0.000000 -4500.000000
0.000000 1.000000 0.000000
1.000000 1.000000 1.000000 1.000000
0.660000 5.940000

300.000000 0.000000 -4500.000000
0.000000 1.000000 0.000000
1.000000 1.000000 1.000000 1.000000
0.990000 5.940000

400.000000 0.000000 -4500.000000
0.000000 1.000000 0.000000
1.000000 1.000000 1.000000 1.000000
1.320000 5.940000

500.000000 0.000000 -4500.000000
0.000000 1.000000 0.000000
1.000000 1.000000 1.000000 1.000000
1.650000 5.940000

600.000000 0.000000 -4500.000000
0.707107 0.707107 0.000000
1.000000 1.000000 1.000000 1.000000
1.980000 5.940000

600.000000 -500.000000 -4500.000000
1.000000 0.000000 -0.000000
1.000000 1.000000 1.000000 1.000000
3.184937 5.940000

100.000000 -500.000000 -4750.000000
-1.000000 0.000000 0.000000
1.000000 1.000000 1.000000 1.000000
-0.703995 6.270000

100.000000 0.000000 -4750.000000
-0.666667 0.333333 -0.666667
1.000000 1.000000 1.000000 1.000000
0.330000 6.270000

200.000000 0.000000 -4750.000000
0.000000 0.707107 -0.707107
1.000000 1.000000 1.000000 1.000000
0.660000 6.270000

300.000000 0.000000 -4750.000000
0.000000 0.707107 -0.707107
1.000000 1.000000 1.000000 1.000000
0.990000 6.270000

400.000000 0.000000 -4750.000000
0.000000 0.707107 -0.707107
1.000000 1.000000 1.000000 1.000000
1.320000 6.270000

500.000000 0.000000 -4750.000000
0.000000 0.707107 -0.707107
1.000000 1.000000 1.000000 1.000000
1.650000 6.270000

600.000000 0.000000 -4750.000000
0.408248 0.816497 -0.408248
1.000000 1.000000 1.000000 1.000000
1.980000 6.270000

600.000000 -500.000000 -4750.000000
1.000000 0.000000 0.000000
1.000000 1.000000 1.000000 1.000000
3.184937 6.270000

100.000000 -500.000000 -4750.000000
0.000000 1.000000 0.000000
1.000000 1.000000 1.000000 1.000000
-0.703995 6.600000

100.000000 -500.000000 -4750.000000
0.000000 0.000000 -1.000000
1.000000 1.000000 1.000000 1.000000
0.332000 7.091965

200.000000 -500.000000 -4750.000000
0.000000 0.000000 -1.000000
1.000000 1.000000 1.000000 1.000000
0.660000 7.091965

300.000000 -500.000000 -4750.000000
0.000000 0.000000 -1.000000
1.000000 1.000000 1.000000 1.000000
0.990000 7.091965

400.000000 -500.000000 -4750.000000
0.000000 0.000000 -1.000000
1.000000 1.000000 1.000000 1.000000
1.320000 7.091965

500.000000 -500.000000 -4750.000000
0.000000 0.000000 -1.000000
1.000000 1.000000 1.000000 1.000000
1.650000 7.091965

600.000000 -500.000000 -4750.000000
0.000000 0.000000 -1.000000
1.000000 1.000000 1.000000 1.000000
1.980000 7.091965

600.000000 -500.000000 -4750.000000
0.000000 0.000000 -1.000000
1.000000 1.000000 1.000000 1.000000
2.310000 7.091965

