36 6 6

0.000000 -150.000000 -0.000000
-0.707107 0.000000 0.707107
1.000000 1.000000 1.000000 1.000000
0.000000 0.000000

50.000000 -150.000000 -0.000000
0.000000 0.000000 1.000000
1.000000 1.000000 1.000000 1.000000
0.330000 0.000000

100.000000 -150.000000 -0.000000
0.000000 0.000000 1.000000
1.000000 1.000000 1.000000 1.000000
0.660000 0.000000

150.000000 -150.000000 -0.000000
0.000000 0.000000 1.000000
1.000000 1.000000 1.000000 1.000000
0.990000 0.000000

200.000000 -150.000000 -0.000000
0.347721 0.389320 0.852948
1.000000 1.000000 1.000000 1.000000
1.320000 0.000000

250.000000 -150.000000 -0.000000
0.000000 1.000000 0.000000
1.000000 1.000000 1.000000 1.000000
0.585975 0.000000

0.000000 -150.000000 -50.000000
-1.000000 0.000000 0.000000
1.000000 1.000000 1.000000 1.000000
0.516997 0.330000

0.000000 0.000000 -0.000000
-0.577350 0.577350 0.577350
1.000000 1.000000 1.000000 1.000000
0.017001 0.009001

100.000000 0.000000 -0.000000
0.000000 0.707107 0.707107
1.000000 1.000000 1.000000 1.000000
0.660000 0.009001

150.000000 0.000000 -0.000000
0.000000 0.707107 0.707107
1.000000 1.000000 1.000000 1.000000
0.990000 0.009001

250.000000 0.000000 -0.000000
0.693014 0.198652 0.693014
1.000000 1.000000 1.000000 1.000000
1.667016 0.009001

250.000000 -150.000000 -50.000000
0.852948 0.389320 0.347721
1.000000 1.000000 1.000000 1.000000
0.585975 0.330000

0.000000 -150.000000 -100.000000
-1.000000 0.000000 0.000000
1.000000 1.000000 1.000000 1.000000
0.456998 0.660000

0.000000 0.000000 -100.000000
-0.707107 0.707107 0.000000
1.000000 1.000000 1.000000 1.000000
-0.179999 0.660000

100.000000 0.000000 -100.000000
0.000000 1.000000 0.000000
1.000000 1.000000 1.000000 1.000000
0.660000 0.660000

150.000000 0.000000 -100.000000
0.000000 1.000000 0.000000
1.000000 1.000000 1.000000 1.000000
0.990000 0.660000

250.000000 0.000000 -100.000000
0.707107 0.707107 0.000000
1.000000 1.000000 1.000000 1.000000
1.704018 0.660000

250.000000 -150.000000 -100.000000
1.000000 0.000000 -0.000000
1.000000 1.000000 1.000000 1.000000
0.585975 0.660000

0.000000 -150.000000 -150.000000
-1.000000 0.000000 0.000000
1.000000 1.000000 1.000000 1.000000
0.435998 0.990000

0.000000 0.000000 -150.000000
-0.707107 0.707107 0.000000
1.000000 1.000000 1.000000 1.000000
-0.216000 0.976000

100.000000 0.000000 -150.000000
-0.000000 1.000000 0.000000
1.000000 1.000000 1.000000 1.000000
0.660000 0.990000

150.000000 0.000000 -150.000000
0.000000 1.000000 0.000000
1.000000 1.000000 1.000000 1.000000
0.990000 0.990000

250.000000 0.000000 -150.000000
0.707107 0.707107 0.000000
1.000000 1.000000 1.000000 1.000000
1.663016 0.990000

250.000000 -150.000000 -150.000000
1.000000 0.000000 -0.000000
1.000000 1.000000 1.000000 1.000000
0.585975 0.990000

0.000000 -150.000000 -200.000000
-0.852948 0.389320 -0.347721
1.000000 1.000000 1.000000 1.000000
0.368999 2.274997

0.000000 0.000000 -250.000000
-0.693014 0.198652 -0.693014
1.000000 1.000000 1.000000 1.000000
-0.227000 1.692017

100.000000 0.000000 -250.000000
0.000000 0.707107 -0.707107
1.000000 1.000000 1.000000 1.000000
0.654000 1.692017

150.000000 0.000000 -250.000000
0.000000 0.707107 -0.707107
1.000000 1.000000 1.000000 1.000000
0.990000 1.692017

250.000000 0.000000 -250.000000
0.577350 0.577350 -0.577350
1.000000 1.000000 1.000000 1.000000
1.728019 1.692017

250.000000 -150.000000 -200.000000
1.000000 0.000000 -0.000000
1.000000 1.000000 1.000000 1.000000
0.585975 1.320000

0.000000 -150.000000 -250.000000
-0.000000 1.000000 0.000000
1.000000 1.000000 1.000000 1.000000
-0.453998 2.281996

50.000000 -150.000000 -250.000000
-0.347721 0.389320 -0.852948
1.000000 1.000000 1.000000 1.000000
0.061001 2.705965

100.000000 -150.000000 -250.000000
0.000000 0.000000 -1.000000
1.000000 1.000000 1.000000 1.000000
0.612001 2.705965

150.000000 -150.000000 -250.000000
0.000000 0.000000 -1.000000
1.000000 1.000000 1.000000 1.000000
0.990000 2.705965

200.000000 -150.000000 -250.000000
0.000000 0.000000 -1.000000
1.000000 1.000000 1.000000 1.000000
1.320000 2.705965

250.000000 -150.000000 -250.000000
0.707107 0.000000 -0.707107
1.000000 1.000000 1.000000 1.000000
1.650000 2.705965

