160 10 16

0.000000 -200.000000 -0.000000
0.000000 0.000000 1.000000
1.000000 1.000000 1.000000 1.000000
0.000000 0.000000

200.000000 -200.000000 -0.000000
0.000000 0.000000 1.000000
1.000000 1.000000 1.000000 1.000000
1.000000 0.000000

400.000000 -200.000000 -0.000000
0.000000 0.000000 1.000000
1.000000 1.000000 1.000000 1.000000
2.000000 0.000000

600.000000 -200.000000 -0.000000
0.000000 0.000000 1.000000
1.000000 1.000000 1.000000 1.000000
3.000000 0.000000

800.000000 -200.000000 -0.000000
0.000000 0.000000 1.000000
1.000000 1.000000 1.000000 1.000000
4.000000 0.000000

1000.000000 -200.000000 -0.000000
0.000000 0.000000 1.000000
1.000000 1.000000 1.000000 1.000000
5.000000 0.000000

1200.000000 -200.000000 -0.000000
0.000000 0.000000 1.000000
1.000000 1.000000 1.000000 1.000000
6.000000 0.000000

1400.000000 -200.000000 -0.000000
0.000000 0.000000 1.000000
1.000000 1.000000 1.000000 1.000000
7.000000 0.000000

1600.000000 -200.000000 -0.000000
0.000000 0.000000 1.000000
1.000000 1.000000 1.000000 1.000000
8.000000 0.000000

1800.000000 -200.000000 -0.000000
0.000000 0.000000 1.000000
1.000000 1.000000 1.000000 1.000000
9.000000 0.000000

2000.000000 -200.000000 -0.000000
0.000000 0.000000 1.000000
1.000000 1.000000 1.000000 1.000000
10.000000 0.000000

2200.000000 -200.000000 -0.000000
0.000000 0.000000 1.000000
1.000000 1.000000 1.000000 1.000000
11.000000 0.000000

2400.000000 -200.000000 -0.000000
0.000000 0.000000 1.000000
1.000000 1.000000 1.000000 1.000000
12.000000 0.000000

2600.000000 -200.000000 -0.000000
0.000000 0.000000 1.000000
1.000000 1.000000 1.000000 1.000000
13.000000 0.000000

2800.000000 -200.000000 -0.000000
0.000000 0.000000 1.000000
1.000000 1.000000 1.000000 1.000000
14.000000 0.000000

3000.000000 -200.000000 -0.000000
0.000000 1.000000 0.000000
1.000000 1.000000 1.000000 1.000000
15.000000 0.000000

0.000000 -200.000000 -0.000000
-1.000000 0.000000 0.000000
1.000000 1.000000 1.000000 1.000000
0.000000 1.000000

0.000000 0.000000 -0.000000
-0.333333 0.666667 0.666667
1.000000 1.000000 1.000000 1.000000
1.000000 1.000000

400.000000 0.000000 -0.000000
0.000000 0.707107 0.707107
1.000000 1.000000 1.000000 1.000000
2.000000 1.000000

600.000000 0.000000 -0.000000
0.000000 0.707107 0.707107
1.000000 1.000000 1.000000 1.000000
3.000000 1.000000

800.000000 0.000000 -0.000000
0.000000 0.707107 0.707107
1.000000 1.000000 1.000000 1.000000
4.000000 1.000000

1000.000000 0.000000 -0.000000
0.000000 0.707107 0.707107
1.000000 1.000000 1.000000 1.000000
5.000000 1.000000

1200.000000 0.000000 -0.000000
0.000000 0.707107 0.707107
1.000000 1.000000 1.000000 1.000000
6.000000 1.000000

1400.000000 0.000000 -0.000000
0.000000 0.707107 0.707107
1.000000 1.000000 1.000000 1.000000
7.000000 1.000000

1600.000000 0.000000 -0.000000
0.000000 0.707107 0.707107
1.000000 1.000000 1.000000 1.000000
8.000000 1.000000

1800.000000 0.000000 -0.000000
0.000000 0.707107 0.707107
1.000000 1.000000 1.000000 1.000000
9.000000 1.000000

2000.000000 0.000000 -0.000000
0.000000 0.707107 0.707107
1.000000 1.000000 1.000000 1.000000
10.000000 1.000000

2200.000000 0.000000 -0.000000
0.000000 0.707107 0.707107
1.000000 1.000000 1.000000 1.000000
11.000000 1.000000

2400.000000 0.000000 -0.000000
0.000000 0.707107 0.707107
1.000000 1.000000 1.000000 1.000000
12.000000 1.000000

2600.000000 0.000000 -0.000000
0.000000 0.707107 0.707107
1.000000 1.000000 1.000000 1.000000
13.000000 1.000000

3000.000000 0.000000 -0.000000
0.534522 0.267261 0.801784
1.000000 1.000000 1.000000 1.000000
14.000000 1.000000

3000.000000 -200.000000 -0.000000
0.707107 0.000000 0.707107
1.000000 1.000000 1.000000 1.000000
15.000000 1.000000

0.000000 -200.000000 -100.000000
-1.000000 0.000000 0.000000
1.000000 1.000000 1.000000 1.000000
0.000000 2.000000

0.000000 0.000000 -100.000000
-0.707107 0.707107 0.000000
1.000000 1.000000 1.000000 1.000000
1.000000 2.000000

400.000000 0.000000 -100.000000
0.000000 1.000000 0.000000
1.000000 1.000000 1.000000 1.000000
2.000000 2.000000

600.000000 0.000000 -100.000000
0.000000 1.000000 0.000000
1.000000 1.000000 1.000000 1.000000
3.000000 2.000000

800.000000 0.000000 -100.000000
0.000000 1.000000 0.000000
1.000000 1.000000 1.000000 1.000000
4.000000 2.000000

1000.000000 0.000000 -100.000000
0.000000 1.000000 0.000000
1.000000 1.000000 1.000000 1.000000
5.000000 2.000000

1200.000000 0.000000 -100.000000
0.000000 1.000000 0.000000
1.000000 1.000000 1.000000 1.000000
6.000000 2.000000

1400.000000 0.000000 -100.000000
0.000000 1.000000 0.000000
1.000000 1.000000 1.000000 1.000000
7.000000 2.000000

1600.000000 0.000000 -100.000000
0.000000 1.000000 0.000000
1.000000 1.000000 1.000000 1.000000
8.000000 2.000000

1800.000000 0.000000 -100.000000
0.000000 1.000000 0.000000
1.000000 1.000000 1.000000 1.000000
9.000000 2.000000

2000.000000 0.000000 -100.000000
0.000000 1.000000 0.000000
1.000000 1.000000 1.000000 1.000000
10.000000 2.000000

2200.000000 0.000000 -100.000000
0.000000 1.000000 0.000000
1.000000 1.000000 1.000000 1.000000
11.000000 2.000000

2400.000000 0.000000 -100.000000
0.000000 1.000000 0.000000
1.000000 1.000000 1.000000 1.000000
12.000000 2.000000

2600.000000 0.000000 -100.000000
0.000000 1.000000 0.000000
1.000000 1.000000 1.000000 1.000000
13.000000 2.000000

3000.000000 0.000000 -100.000000
0.707107 0.707107 0.000000
1.000000 1.000000 1.000000 1.000000
14.000000 2.000000

3000.000000 -200.000000 -100.000000
1.000000 0.000000 0.000000
1.000000 1.000000 1.000000 1.000000
15.000000 2.000000

0.000000 -200.000000 -150.000000
-1.000000 0.000000 0.000000
1.000000 1.000000 1.000000 1.000000
0.000000 3.000000

0.000000 0.000000 -150.000000
-0.707107 0.707107 0.000000
1.000000 1.000000 1.000000 1.000000
1.000000 3.000000

400.000000 0.000000 -150.000000
0.000000 1.000000 0.000000
1.000000 1.000000 1.000000 1.000000
2.000000 3.000000

600.000000 0.000000 -150.000000
0.000000 1.000000 0.000000
1.000000 1.000000 1.000000 1.000000
3.000000 3.000000

800.000000 0.000000 -150.000000
0.000000 1.000000 0.000000
1.000000 1.000000 1.000000 1.000000
4.000000 3.000000

1000.000000 0.000000 -150.000000
0.000000 1.000000 0.000000
1.000000 1.000000 1.000000 1.000000
5.000000 3.000000

1200.000000 0.000000 -150.000000
0.000000 1.000000 0.000000
1.000000 1.000000 1.000000 1.000000
6.000000 3.000000

1400.000000 0.000000 -150.000000
0.000000 1.000000 0.000000
1.000000 1.000000 1.000000 1.000000
7.000000 3.000000

1600.000000 0.000000 -150.000000
0.000000 1.000000 0.000000
1.000000 1.000000 1.000000 1.000000
8.000000 3.000000

1800.000000 0.000000 -150.000000
0.000000 1.000000 0.000000
1.000000 1.000000 1.000000 1.000000
9.000000 3.000000

2000.000000 0.000000 -150.000000
0.000000 1.000000 0.000000
1.000000 1.000000 1.000000 1.000000
10.000000 3.000000

2200.000000 0.000000 -150.000000
0.000000 1.000000 0.000000
1.000000 1.000000 1.000000 1.000000
11.000000 3.000000

2400.000000 0.000000 -150.000000
0.000000 1.000000 0.000000
1.000000 1.000000 1.000000 1.000000
12.000000 3.000000

2600.000000 0.000000 -150.000000
0.000000 1.000000 0.000000
1.000000 1.000000 1.000000 1.000000
13.000000 3.000000

3000.000000 0.000000 -150.000000
0.707107 0.707107 0.000000
1.000000 1.000000 1.000000 1.000000
14.000000 3.000000

3000.000000 -200.000000 -150.000000
1.000000 0.000000 0.000000
1.000000 1.000000 1.000000 1.000000
15.000000 3.000000

0.000000 -200.000000 -200.000000
-1.000000 0.000000 0.000000
1.000000 1.000000 1.000000 1.000000
0.000000 4.000000

0.000000 0.000000 -200.000000
-0.707107 0.707107 0.000000
1.000000 1.000000 1.000000 1.000000
1.000000 4.000000

400.000000 0.000000 -200.000000
0.000000 1.000000 0.000000
1.000000 1.000000 1.000000 1.000000
2.000000 4.000000

600.000000 0.000000 -200.000000
0.000000 1.000000 0.000000
1.000000 1.000000 1.000000 1.000000
3.000000 4.000000

800.000000 0.000000 -200.000000
0.000000 1.000000 0.000000
1.000000 1.000000 1.000000 1.000000
4.000000 4.000000

1000.000000 0.000000 -200.000000
0.000000 1.000000 0.000000
1.000000 1.000000 1.000000 1.000000
5.000000 4.000000

1200.000000 0.000000 -200.000000
0.000000 1.000000 0.000000
1.000000 1.000000 1.000000 1.000000
6.000000 4.000000

1400.000000 0.000000 -200.000000
0.000000 1.000000 0.000000
1.000000 1.000000 1.000000 1.000000
7.000000 4.000000

1600.000000 0.000000 -200.000000
0.000000 1.000000 0.000000
1.000000 1.000000 1.000000 1.000000
8.000000 4.000000

1800.000000 0.000000 -200.000000
0.000000 1.000000 0.000000
1.000000 1.000000 1.000000 1.000000
9.000000 4.000000

2000.000000 0.000000 -200.000000
0.000000 1.000000 0.000000
1.000000 1.000000 1.000000 1.000000
10.000000 4.000000

2200.000000 0.000000 -200.000000
0.000000 1.000000 0.000000
1.000000 1.000000 1.000000 1.000000
11.000000 4.000000

2400.000000 0.000000 -200.000000
0.000000 1.000000 0.000000
1.000000 1.000000 1.000000 1.000000
12.000000 4.000000

2600.000000 0.000000 -200.000000
0.000000 1.000000 0.000000
1.000000 1.000000 1.000000 1.000000
13.000000 4.000000

3000.000000 0.000000 -200.000000
0.707107 0.707107 0.000000
1.000000 1.000000 1.000000 1.000000
14.000000 4.000000

3000.000000 -200.000000 -200.000000
1.000000 0.000000 0.000000
1.000000 1.000000 1.000000 1.000000
15.000000 4.000000

0.000000 -200.000000 -250.000000
-1.000000 0.000000 0.000000
1.000000 1.000000 1.000000 1.000000
0.000000 5.000000

0.000000 0.000000 -250.000000
-0.707107 0.707107 0.000000
1.000000 1.000000 1.000000 1.000000
1.000000 5.000000

400.000000 0.000000 -250.000000
0.000000 1.000000 0.000000
1.000000 1.000000 1.000000 1.000000
2.000000 5.000000

600.000000 0.000000 -250.000000
0.000000 1.000000 0.000000
1.000000 1.000000 1.000000 1.000000
3.000000 5.000000

800.000000 0.000000 -250.000000
0.000000 1.000000 0.000000
1.000000 1.000000 1.000000 1.000000
4.000000 5.000000

1000.000000 0.000000 -250.000000
0.000000 1.000000 0.000000
1.000000 1.000000 1.000000 1.000000
5.000000 5.000000

1200.000000 0.000000 -250.000000
0.000000 1.000000 0.000000
1.000000 1.000000 1.000000 1.000000
6.000000 5.000000

1400.000000 0.000000 -250.000000
0.000000 1.000000 0.000000
1.000000 1.000000 1.000000 1.000000
7.000000 5.000000

1600.000000 0.000000 -250.000000
0.000000 1.000000 0.000000
1.000000 1.000000 1.000000 1.000000
8.000000 5.000000

1800.000000 0.000000 -250.000000
0.000000 1.000000 0.000000
1.000000 1.000000 1.000000 1.000000
9.000000 5.000000

2000.000000 0.000000 -250.000000
0.000000 1.000000 0.000000
1.000000 1.000000 1.000000 1.000000
10.000000 5.000000

2200.000000 0.000000 -250.000000
0.000000 1.000000 0.000000
1.000000 1.000000 1.000000 1.000000
11.000000 5.000000

2400.000000 0.000000 -250.000000
0.000000 1.000000 0.000000
1.000000 1.000000 1.000000 1.000000
12.000000 5.000000

2600.000000 0.000000 -250.000000
0.000000 1.000000 0.000000
1.000000 1.000000 1.000000 1.000000
13.000000 5.000000

3000.000000 0.000000 -250.000000
0.707107 0.707107 0.000000
1.000000 1.000000 1.000000 1.000000
14.000000 5.000000

3000.000000 -200.000000 -250.000000
1.000000 0.000000 0.000000
1.000000 1.000000 1.000000 1.000000
15.000000 5.000000

0.000000 -200.000000 -300.000000
-1.000000 0.000000 0.000000
1.000000 1.000000 1.000000 1.000000
0.000000 6.000000

0.000000 0.000000 -300.000000
-0.707107 0.707107 0.000000
1.000000 1.000000 1.000000 1.000000
1.000000 6.000000

400.000000 0.000000 -300.000000
0.000000 1.000000 0.000000
1.000000 1.000000 1.000000 1.000000
2.000000 6.000000

600.000000 0.000000 -300.000000
0.000000 1.000000 0.000000
1.000000 1.000000 1.000000 1.000000
3.000000 6.000000

800.000000 0.000000 -300.000000
0.000000 1.000000 0.000000
1.000000 1.000000 1.000000 1.000000
4.000000 6.000000

1000.000000 0.000000 -300.000000
0.000000 1.000000 0.000000
1.000000 1.000000 1.000000 1.000000
5.000000 6.000000

1200.000000 0.000000 -300.000000
0.000000 1.000000 0.000000
1.000000 1.000000 1.000000 1.000000
6.000000 6.000000

1400.000000 0.000000 -300.000000
0.000000 1.000000 0.000000
1.000000 1.000000 1.000000 1.000000
7.000000 6.000000

1600.000000 0.000000 -300.000000
0.000000 1.000000 0.000000
1.000000 1.000000 1.000000 1.000000
8.000000 6.000000

1800.000000 0.000000 -300.000000
0.000000 1.000000 0.000000
1.000000 1.000000 1.000000 1.000000
9.000000 6.000000

2000.000000 0.000000 -300.000000
0.000000 1.000000 0.000000
1.000000 1.000000 1.000000 1.000000
10.000000 6.000000

2200.000000 0.000000 -300.000000
0.000000 1.000000 0.000000
1.000000 1.000000 1.000000 1.000000
11.000000 6.000000

2400.000000 0.000000 -300.000000
0.000000 1.000000 0.000000
1.000000 1.000000 1.000000 1.000000
12.000000 6.000000

2600.000000 0.000000 -300.000000
0.000000 1.000000 0.000000
1.000000 1.000000 1.000000 1.000000
13.000000 6.000000

3000.000000 0.000000 -300.000000
0.707107 0.707107 0.000000
1.000000 1.000000 1.000000 1.000000
14.000000 6.000000

3000.000000 -200.000000 -300.000000
1.000000 0.000000 0.000000
1.000000 1.000000 1.000000 1.000000
15.000000 6.000000

0.000000 -200.000000 -350.000000
-1.000000 0.000000 0.000000
1.000000 1.000000 1.000000 1.000000
0.000000 7.000000

0.000000 0.000000 -350.000000
-0.707107 0.707107 0.000000
1.000000 1.000000 1.000000 1.000000
1.000000 7.000000

400.000000 0.000000 -350.000000
0.000000 1.000000 0.000000
1.000000 1.000000 1.000000 1.000000
2.000000 7.000000

600.000000 0.000000 -350.000000
0.000000 1.000000 0.000000
1.000000 1.000000 1.000000 1.000000
3.000000 7.000000

800.000000 0.000000 -350.000000
0.000000 1.000000 0.000000
1.000000 1.000000 1.000000 1.000000
4.000000 7.000000

1000.000000 0.000000 -350.000000
0.000000 1.000000 0.000000
1.000000 1.000000 1.000000 1.000000
5.000000 7.000000

1200.000000 0.000000 -350.000000
0.000000 1.000000 0.000000
1.000000 1.000000 1.000000 1.000000
6.000000 7.000000

1400.000000 0.000000 -350.000000
0.000000 1.000000 0.000000
1.000000 1.000000 1.000000 1.000000
7.000000 7.000000

1600.000000 0.000000 -350.000000
0.000000 1.000000 0.000000
1.000000 1.000000 1.000000 1.000000
8.000000 7.000000

1800.000000 0.000000 -350.000000
0.000000 1.000000 0.000000
1.000000 1.000000 1.000000 1.000000
9.000000 7.000000

2000.000000 0.000000 -350.000000
0.000000 1.000000 0.000000
1.000000 1.000000 1.000000 1.000000
10.000000 7.000000

2200.000000 0.000000 -350.000000
0.000000 1.000000 0.000000
1.000000 1.000000 1.000000 1.000000
11.000000 7.000000

2400.000000 0.000000 -350.000000
0.000000 1.000000 0.000000
1.000000 1.000000 1.000000 1.000000
12.000000 7.000000

2600.000000 0.000000 -350.000000
0.000000 1.000000 0.000000
1.000000 1.000000 1.000000 1.000000
13.000000 7.000000

3000.000000 0.000000 -350.000000
0.707107 0.707107 0.000000
1.000000 1.000000 1.000000 1.000000
14.000000 7.000000

3000.000000 -200.000000 -350.000000
1.000000 0.000000 0.000000
1.000000 1.000000 1.000000 1.000000
15.000000 7.000000

0.000000 -200.000000 -450.000000
-1.000000 0.000000 0.000000
1.000000 1.000000 1.000000 1.000000
0.000000 8.000000

0.000000 0.000000 -450.000000
-0.666667 0.333333 -0.666667
1.000000 1.000000 1.000000 1.000000
1.000000 8.000000

400.000000 0.000000 -450.000000
0.000000 0.707107 -0.707107
1.000000 1.000000 1.000000 1.000000
2.000000 8.000000

600.000000 0.000000 -450.000000
0.000000 0.707107 -0.707107
1.000000 1.000000 1.000000 1.000000
3.000000 8.000000

800.000000 0.000000 -450.000000
0.000000 0.707107 -0.707107
1.000000 1.000000 1.000000 1.000000
4.000000 8.000000

1000.000000 0.000000 -450.000000
0.000000 0.707107 -0.707107
1.000000 1.000000 1.000000 1.000000
5.000000 8.000000

1200.000000 0.000000 -450.000000
0.000000 0.707107 -0.707107
1.000000 1.000000 1.000000 1.000000
6.000000 8.000000

1400.000000 0.000000 -450.000000
0.000000 0.707107 -0.707107
1.000000 1.000000 1.000000 1.000000
7.000000 8.000000

1600.000000 0.000000 -450.000000
0.000000 0.707107 -0.707107
1.000000 1.000000 1.000000 1.000000
8.000000 8.000000

1800.000000 0.000000 -450.000000
0.000000 0.707107 -0.707107
1.000000 1.000000 1.000000 1.000000
9.000000 8.000000

2000.000000 0.000000 -450.000000
0.000000 0.707107 -0.707107
1.000000 1.000000 1.000000 1.000000
10.000000 8.000000

2200.000000 0.000000 -450.000000
0.000000 0.707107 -0.707107
1.000000 1.000000 1.000000 1.000000
11.000000 8.000000

2400.000000 0.000000 -450.000000
0.000000 0.707107 -0.707107
1.000000 1.000000 1.000000 1.000000
12.000000 8.000000

2600.000000 0.000000 -450.000000
0.000000 0.707107 -0.707107
1.000000 1.000000 1.000000 1.000000
13.000000 8.000000

3000.000000 0.000000 -450.000000
0.577350 0.577350 -0.577350
1.000000 1.000000 1.000000 1.000000
14.000000 8.000000

3000.000000 -200.000000 -400.000000
1.000000 0.000000 0.000000
1.000000 1.000000 1.000000 1.000000
15.000000 8.000000

0.000000 -200.000000 -450.000000
0.000000 1.000000 0.000000
1.000000 1.000000 1.000000 1.000000
0.000000 9.000000

0.000000 -200.000000 -450.000000
0.000000 0.000000 -1.000000
1.000000 1.000000 1.000000 1.000000
1.000000 9.000000

400.000000 -200.000000 -450.000000
0.000000 0.000000 -1.000000
1.000000 1.000000 1.000000 1.000000
2.000000 9.000000

600.000000 -200.000000 -450.000000
0.000000 0.000000 -1.000000
1.000000 1.000000 1.000000 1.000000
3.000000 9.000000

800.000000 -200.000000 -450.000000
0.000000 0.000000 -1.000000
1.000000 1.000000 1.000000 1.000000
4.000000 9.000000

1000.000000 -200.000000 -450.000000
0.000000 0.000000 -1.000000
1.000000 1.000000 1.000000 1.000000
5.000000 9.000000

1200.000000 -200.000000 -450.000000
0.000000 0.000000 -1.000000
1.000000 1.000000 1.000000 1.000000
6.000000 9.000000

1400.000000 -200.000000 -450.000000
0.000000 0.000000 -1.000000
1.000000 1.000000 1.000000 1.000000
7.000000 9.000000

1600.000000 -200.000000 -450.000000
0.000000 0.000000 -1.000000
1.000000 1.000000 1.000000 1.000000
8.000000 9.000000

1800.000000 -200.000000 -450.000000
0.000000 0.000000 -1.000000
1.000000 1.000000 1.000000 1.000000
9.000000 9.000000

2000.000000 -200.000000 -450.000000
0.000000 0.000000 -1.000000
1.000000 1.000000 1.000000 1.000000
10.000000 9.000000

2200.000000 -200.000000 -450.000000
0.000000 0.000000 -1.000000
1.000000 1.000000 1.000000 1.000000
11.000000 9.000000

2400.000000 -200.000000 -450.000000
0.000000 0.000000 -1.000000
1.000000 1.000000 1.000000 1.000000
12.000000 9.000000

2600.000000 -200.000000 -450.000000
0.000000 0.000000 -1.000000
1.000000 1.000000 1.000000 1.000000
13.000000 9.000000

2800.000000 -200.000000 -450.000000
0.000000 0.000000 -1.000000
1.000000 1.000000 1.000000 1.000000
14.000000 9.000000

3000.000000 -200.000000 -450.000000
0.707107 0.000000 -0.707107
1.000000 1.000000 1.000000 1.000000
15.000000 9.000000

