66 6 11

0.000000 -250.000000 -0.000000
-0.707107 0.000000 0.707107
1.000000 1.000000 1.000000 1.000000
0.000000 0.000000

50.000000 -250.000000 -0.000000
0.000000 0.000000 1.000000
1.000000 1.000000 1.000000 1.000000
1.000000 0.000000

100.000000 -250.000000 -0.000000
0.000000 0.000000 1.000000
1.000000 1.000000 1.000000 1.000000
2.000000 0.000000

150.000000 -250.000000 -0.000000
0.000000 0.000000 1.000000
1.000000 1.000000 1.000000 1.000000
3.000000 0.000000

200.000000 -250.000000 -0.000000
0.000000 0.000000 1.000000
1.000000 1.000000 1.000000 1.000000
4.000000 0.000000

250.000000 -250.000000 -0.000000
0.000000 0.000000 1.000000
1.000000 1.000000 1.000000 1.000000
5.000000 0.000000

300.000000 -250.000000 -0.000000
0.000000 0.000000 1.000000
1.000000 1.000000 1.000000 1.000000
6.000000 0.000000

350.000000 -250.000000 -0.000000
0.000000 0.000000 1.000000
1.000000 1.000000 1.000000 1.000000
7.000000 0.000000

400.000000 -250.000000 -0.000000
0.000000 0.000000 1.000000
1.000000 1.000000 1.000000 1.000000
8.000000 0.000000

500.000000 -250.000000 -0.000000
0.000000 0.000000 1.000000
1.000000 1.000000 1.000000 1.000000
9.000000 0.000000

500.000000 -250.000000 -0.000000
0.000000 1.000000 0.000000
1.000000 1.000000 1.000000 1.000000
10.000000 0.000000

0.000000 -250.000000 -50.000000
-1.000000 0.000000 0.000000
1.000000 1.000000 1.000000 1.000000
-1.830029 1.000000

0.000000 0.000000 -0.000000
-0.577350 0.577350 0.577350
1.000000 1.000000 1.000000 1.000000
0.348008 1.000000

100.000000 0.000000 -0.000000
0.000000 0.707107 0.707107
1.000000 1.000000 1.000000 1.000000
2.000000 1.000000

150.000000 0.000000 -0.000000
0.000000 0.707107 0.707107
1.000000 1.000000 1.000000 1.000000
3.000000 1.000000

200.000000 0.000000 -0.000000
0.000000 0.707107 0.707107
1.000000 1.000000 1.000000 1.000000
4.000000 1.000000

250.000000 0.000000 -0.000000
0.000000 0.707107 0.707107
1.000000 1.000000 1.000000 1.000000
5.000000 1.000000

300.000000 0.000000 -0.000000
0.000000 0.707107 0.707107
1.000000 1.000000 1.000000 1.000000
6.000000 1.000000

350.000000 0.000000 -0.000000
0.000000 0.707107 0.707107
1.000000 1.000000 1.000000 1.000000
7.000000 1.000000

400.000000 0.000000 -0.000000
0.000000 0.707107 0.707107
1.000000 1.000000 1.000000 1.000000
8.000000 1.000000

500.000000 0.000000 -0.000000
0.666667 0.333333 0.666667
1.000000 1.000000 1.000000 1.000000
9.873353 1.000000

500.000000 -250.000000 -0.000000
1.000000 0.000000 0.000000
1.000000 1.000000 1.000000 1.000000
12.250910 1.000000

0.000000 -250.000000 -100.000000
-1.000000 0.000000 0.000000
1.000000 1.000000 1.000000 1.000000
-1.830029 2.000000

0.000000 0.000000 -100.000000
-0.707107 0.707107 0.000000
1.000000 1.000000 1.000000 1.000000
0.348008 2.139990

100.000000 0.000000 -100.000000
0.000000 1.000000 0.000000
1.000000 1.000000 1.000000 1.000000
2.000000 2.139990

150.000000 0.000000 -100.000000
0.000000 1.000000 0.000000
1.000000 1.000000 1.000000 1.000000
3.000000 2.139990

200.000000 0.000000 -100.000000
0.000000 1.000000 0.000000
1.000000 1.000000 1.000000 1.000000
4.000000 2.139990

250.000000 0.000000 -100.000000
0.000000 1.000000 0.000000
1.000000 1.000000 1.000000 1.000000
5.000000 2.139990

300.000000 0.000000 -100.000000
0.000000 1.000000 0.000000
1.000000 1.000000 1.000000 1.000000
6.000000 2.139990

350.000000 0.000000 -100.000000
0.000000 1.000000 0.000000
1.000000 1.000000 1.000000 1.000000
7.000000 2.139990

400.000000 0.000000 -100.000000
0.000000 1.000000 0.000000
1.000000 1.000000 1.000000 1.000000
8.000000 2.139990

500.000000 0.000000 -100.000000
0.707107 0.707107 0.000000
1.000000 1.000000 1.000000 1.000000
9.873353 2.139990

500.000000 -250.000000 -100.000000
1.000000 0.000000 0.000000
1.000000 1.000000 1.000000 1.000000
12.250910 2.000000

0.000000 -250.000000 -150.000000
-1.000000 0.000000 0.000000
1.000000 1.000000 1.000000 1.000000
-1.830029 3.000000

0.000000 0.000000 -150.000000
-0.707107 0.707107 0.000000
1.000000 1.000000 1.000000 1.000000
0.348008 2.598029

100.000000 0.000000 -150.000000
0.000000 1.000000 0.000000
1.000000 1.000000 1.000000 1.000000
2.000000 2.598029

150.000000 0.000000 -150.000000
0.000000 1.000000 0.000000
1.000000 1.000000 1.000000 1.000000
3.000000 2.598029

200.000000 0.000000 -150.000000
0.000000 1.000000 0.000000
1.000000 1.000000 1.000000 1.000000
4.000000 2.598029

250.000000 0.000000 -150.000000
0.000000 1.000000 0.000000
1.000000 1.000000 1.000000 1.000000
5.000000 2.598029

300.000000 0.000000 -150.000000
0.000000 1.000000 0.000000
1.000000 1.000000 1.000000 1.000000
6.000000 2.598029

350.000000 0.000000 -150.000000
0.000000 1.000000 0.000000
1.000000 1.000000 1.000000 1.000000
7.000000 2.598029

400.000000 0.000000 -150.000000
0.000000 1.000000 0.000000
1.000000 1.000000 1.000000 1.000000
8.000000 2.598029

500.000000 0.000000 -150.000000
0.707107 0.707107 0.000000
1.000000 1.000000 1.000000 1.000000
9.873353 2.598029

500.000000 -250.000000 -150.000000
1.000000 0.000000 0.000000
1.000000 1.000000 1.000000 1.000000
12.250910 3.000000

0.000000 -250.000000 -250.000000
-1.000000 0.000000 0.000000
1.000000 1.000000 1.000000 1.000000
-1.830029 4.000000

0.000000 0.000000 -250.000000
-0.666667 0.333333 -0.666667
1.000000 1.000000 1.000000 1.000000
0.348008 4.000000

100.000000 0.000000 -250.000000
0.000000 0.707107 -0.707107
1.000000 1.000000 1.000000 1.000000
2.000000 4.000000

150.000000 0.000000 -250.000000
0.000000 0.707107 -0.707107
1.000000 1.000000 1.000000 1.000000
3.000000 4.000000

200.000000 0.000000 -250.000000
0.000000 0.707107 -0.707107
1.000000 1.000000 1.000000 1.000000
4.000000 4.000000

250.000000 0.000000 -250.000000
0.000000 0.707107 -0.707107
1.000000 1.000000 1.000000 1.000000
5.000000 4.000000

300.000000 0.000000 -250.000000
0.000000 0.707107 -0.707107
1.000000 1.000000 1.000000 1.000000
6.000000 4.000000

350.000000 0.000000 -250.000000
0.000000 0.707107 -0.707107
1.000000 1.000000 1.000000 1.000000
7.000000 4.000000

400.000000 0.000000 -250.000000
0.000000 0.707107 -0.707107
1.000000 1.000000 1.000000 1.000000
8.000000 4.000000

500.000000 0.000000 -250.000000
0.577350 0.577350 -0.577350
1.000000 1.000000 1.000000 1.000000
9.873353 4.000000

500.000000 -250.000000 -200.000000
1.000000 0.000000 0.000000
1.000000 1.000000 1.000000 1.000000
12.250910 4.000000

50.000000 -250.000000 -250.000000
0.000000 1.000000 0.000000
1.000000 1.000000 1.000000 1.000000
0.000000 5.000000

0.000000 -250.000000 -250.000000
0.000000 0.000000 -1.000000
1.000000 1.000000 1.000000 1.000000
1.000000 7.275835

100.000000 -250.000000 -250.000000
0.000000 0.000000 -1.000000
1.000000 1.000000 1.000000 1.000000
2.000000 7.275835

150.000000 -250.000000 -250.000000
0.000000 0.000000 -1.000000
1.000000 1.000000 1.000000 1.000000
3.000000 7.275835

200.000000 -250.000000 -250.000000
0.000000 0.000000 -1.000000
1.000000 1.000000 1.000000 1.000000
4.000000 7.275835

250.000000 -250.000000 -250.000000
0.000000 0.000000 -1.000000
1.000000 1.000000 1.000000 1.000000
5.000000 7.275835

300.000000 -250.000000 -250.000000
0.000000 0.000000 -1.000000
1.000000 1.000000 1.000000 1.000000
6.000000 7.275835

350.000000 -250.000000 -250.000000
0.000000 0.000000 -1.000000
1.000000 1.000000 1.000000 1.000000
7.000000 7.275835

400.000000 -250.000000 -250.000000
0.000000 0.000000 -1.000000
1.000000 1.000000 1.000000 1.000000
8.000000 7.275835

450.000000 -250.000000 -250.000000
0.000000 0.000000 -1.000000
1.000000 1.000000 1.000000 1.000000
9.000000 7.275835

500.000000 -250.000000 -250.000000
0.707107 0.000000 -0.707107
1.000000 1.000000 1.000000 1.000000
12.250910 7.275835

