256 16 16

0.000000 -250.000000 -0.000000
-0.707107 0.000000 0.707107
1.000000 1.000000 1.000000 1.000000
0.000000 0.000000

50.000000 -250.000000 -0.000000
0.000000 0.000000 1.000000
1.000000 1.000000 1.000000 1.000000
1.000000 0.000000

100.000000 -250.000000 -0.000000
0.000000 0.000000 1.000000
1.000000 1.000000 1.000000 1.000000
2.000000 0.000000

150.000000 -250.000000 -0.000000
0.000000 0.000000 1.000000
1.000000 1.000000 1.000000 1.000000
3.000000 0.000000

200.000000 -250.000000 -0.000000
0.000000 0.000000 1.000000
1.000000 1.000000 1.000000 1.000000
4.000000 0.000000

250.000000 -250.000000 -0.000000
0.000000 0.000000 1.000000
1.000000 1.000000 1.000000 1.000000
5.000000 0.000000

300.000000 -250.000000 -0.000000
0.000000 0.000000 1.000000
1.000000 1.000000 1.000000 1.000000
6.000000 0.000000

350.000000 -250.000000 -0.000000
0.000000 0.000000 1.000000
1.000000 1.000000 1.000000 1.000000
7.000000 0.000000

400.000000 -250.000000 -0.000000
0.000000 0.000000 1.000000
1.000000 1.000000 1.000000 1.000000
8.000000 0.000000

450.000000 -250.000000 -0.000000
0.000000 0.000000 1.000000
1.000000 1.000000 1.000000 1.000000
9.000000 0.000000

500.000000 -250.000000 -0.000000
0.000000 0.000000 1.000000
1.000000 1.000000 1.000000 1.000000
10.000000 0.000000

550.000000 -250.000000 -0.000000
0.000000 0.000000 1.000000
1.000000 1.000000 1.000000 1.000000
11.000000 0.000000

600.000000 -250.000000 -0.000000
0.000000 0.000000 1.000000
1.000000 1.000000 1.000000 1.000000
12.000000 0.000000

650.000000 -250.000000 -0.000000
0.000000 0.000000 1.000000
1.000000 1.000000 1.000000 1.000000
13.000000 0.000000

700.000000 -250.000000 -0.000000
0.344925 0.423666 0.837576
1.000000 1.000000 1.000000 1.000000
14.000000 0.000000

750.000000 -250.000000 -0.000000
0.000000 1.000000 0.000000
1.000000 1.000000 1.000000 1.000000
15.000000 0.000000

0.000000 -250.000000 -50.000000
-1.000000 0.000000 0.000000
1.000000 1.000000 1.000000 1.000000
0.000000 1.000000

0.000000 0.000000 -0.000000
-0.577350 0.577350 0.577350
1.000000 1.000000 1.000000 1.000000
1.000000 1.000000

100.000000 0.000000 -0.000000
0.000000 0.707107 0.707107
1.000000 1.000000 1.000000 1.000000
2.000000 1.000000

150.000000 0.000000 -0.000000
0.000000 0.707107 0.707107
1.000000 1.000000 1.000000 1.000000
3.000000 1.000000

200.000000 0.000000 -0.000000
0.000000 0.707107 0.707107
1.000000 1.000000 1.000000 1.000000
4.000000 1.000000

250.000000 0.000000 -0.000000
-0.000000 0.707107 0.707107
1.000000 1.000000 1.000000 1.000000
5.000000 1.000000

300.000000 0.000000 -0.000000
0.000000 0.707107 0.707107
1.000000 1.000000 1.000000 1.000000
6.000000 1.000000

350.000000 0.000000 -0.000000
0.000000 0.707107 0.707107
1.000000 1.000000 1.000000 1.000000
7.000000 1.000000

400.000000 0.000000 -0.000000
0.000000 0.707107 0.707107
1.000000 1.000000 1.000000 1.000000
8.000000 1.000000

450.000000 0.000000 -0.000000
0.000000 0.707107 0.707107
1.000000 1.000000 1.000000 1.000000
9.000000 1.000000

500.000000 0.000000 -0.000000
0.000000 0.707107 0.707107
1.000000 1.000000 1.000000 1.000000
10.000000 1.000000

550.000000 0.000000 -0.000000
0.000000 0.707107 0.707107
1.000000 1.000000 1.000000 1.000000
11.000000 1.000000

600.000000 0.000000 -0.000000
0.000000 0.707107 0.707107
1.000000 1.000000 1.000000 1.000000
12.000000 1.000000

650.000000 0.000000 -0.000000
0.000000 0.707107 0.707107
1.000000 1.000000 1.000000 1.000000
13.000000 1.000000

750.000000 0.000000 -0.000000
0.689830 0.219705 0.689830
1.000000 1.000000 1.000000 1.000000
14.000000 1.000000

750.000000 -250.000000 -50.000000
0.837576 0.423666 0.344925
1.000000 1.000000 1.000000 1.000000
15.000000 1.000000

0.000000 -250.000000 -100.000000
-1.000000 0.000000 0.000000
1.000000 1.000000 1.000000 1.000000
0.000000 2.000000

0.000000 0.000000 -100.000000
-0.707107 0.707107 0.000000
1.000000 1.000000 1.000000 1.000000
1.000000 2.000000

100.000000 0.000000 -100.000000
0.000000 1.000000 0.000000
1.000000 1.000000 1.000000 1.000000
2.000000 2.000000

150.000000 0.000000 -100.000000
0.000000 1.000000 0.000000
1.000000 1.000000 1.000000 1.000000
3.000000 2.000000

200.000000 0.000000 -100.000000
0.000000 1.000000 0.000000
1.000000 1.000000 1.000000 1.000000
4.000000 2.000000

250.000000 0.000000 -100.000000
-0.000000 1.000000 0.000000
1.000000 1.000000 1.000000 1.000000
5.000000 2.000000

300.000000 0.000000 -100.000000
-0.000000 1.000000 0.000000
1.000000 1.000000 1.000000 1.000000
6.000000 2.000000

350.000000 0.000000 -100.000000
0.000000 1.000000 0.000000
1.000000 1.000000 1.000000 1.000000
7.000000 2.000000

400.000000 0.000000 -100.000000
0.000000 1.000000 0.000000
1.000000 1.000000 1.000000 1.000000
8.000000 2.000000

450.000000 0.000000 -100.000000
0.000000 1.000000 0.000000
1.000000 1.000000 1.000000 1.000000
9.000000 2.000000

500.000000 0.000000 -100.000000
0.000000 1.000000 0.000000
1.000000 1.000000 1.000000 1.000000
10.000000 2.000000

550.000000 0.000000 -100.000000
0.000000 1.000000 0.000000
1.000000 1.000000 1.000000 1.000000
11.000000 2.000000

600.000000 0.000000 -100.000000
0.000000 1.000000 0.000000
1.000000 1.000000 1.000000 1.000000
12.000000 2.000000

650.000000 0.000000 -100.000000
0.000000 1.000000 0.000000
1.000000 1.000000 1.000000 1.000000
13.000000 2.000000

750.000000 0.000000 -100.000000
0.707107 0.707107 0.000000
1.000000 1.000000 1.000000 1.000000
14.000000 2.000000

750.000000 -250.000000 -100.000000
1.000000 0.000000 -0.000000
1.000000 1.000000 1.000000 1.000000
15.000000 2.000000

0.000000 -250.000000 -150.000000
-1.000000 0.000000 0.000000
1.000000 1.000000 1.000000 1.000000
0.000000 3.000000

0.000000 0.000000 -150.000000
-0.707107 0.707107 0.000000
1.000000 1.000000 1.000000 1.000000
1.000000 3.000000

100.000000 0.000000 -150.000000
0.000000 1.000000 0.000000
1.000000 1.000000 1.000000 1.000000
2.000000 3.000000

150.000000 0.000000 -150.000000
0.045406 0.997936 -0.045406
1.000000 1.000000 1.000000 1.000000
3.000000 3.000000

200.000000 0.000000 -150.000000
-0.043959 0.995017 -0.089487
1.000000 1.000000 1.000000 1.000000
4.000000 3.000000

250.000000 0.000000 -150.000000
0.000000 1.000000 0.000000
1.000000 1.000000 1.000000 1.000000
5.000000 3.000000

300.000000 0.000000 -150.000000
-0.000000 1.000000 0.000000
1.000000 1.000000 1.000000 1.000000
6.000000 3.000000

350.000000 0.000000 -150.000000
-0.183625 0.965693 0.183625
1.000000 1.000000 1.000000 1.000000
7.000000 3.000000

400.000000 0.000000 -150.000000
0.000000 0.838044 0.545602
1.000000 1.000000 1.000000 1.000000
8.000000 3.000000

450.000000 0.000000 -150.000000
0.000000 0.838044 0.545602
1.000000 1.000000 1.000000 1.000000
9.000000 3.000000

500.000000 0.000000 -150.000000
0.134695 0.938738 0.317219
1.000000 1.000000 1.000000 1.000000
10.000000 3.000000

550.000000 0.000000 -150.000000
-0.170644 0.970444 0.170644
1.000000 1.000000 1.000000 1.000000
11.000000 3.000000

600.000000 0.000000 -150.000000
0.128296 0.945684 0.298699
1.000000 1.000000 1.000000 1.000000
12.000000 3.000000

650.000000 0.000000 -150.000000
0.000000 1.000000 0.000000
1.000000 1.000000 1.000000 1.000000
13.000000 3.000000

750.000000 0.000000 -150.000000
0.707107 0.707107 0.000000
1.000000 1.000000 1.000000 1.000000
14.000000 3.000000

750.000000 -250.000000 -150.000000
1.000000 0.000000 -0.000000
1.000000 1.000000 1.000000 1.000000
15.000000 3.000000

0.000000 -250.000000 -200.000000
-1.000000 0.000000 0.000000
1.000000 1.000000 1.000000 1.000000
0.000000 4.000000

0.000000 0.000000 -200.000000
-0.707107 0.707107 0.000000
1.000000 1.000000 1.000000 1.000000
1.000000 4.000000

100.000000 0.000000 -200.000000
0.026424 0.999302 -0.026424
1.000000 1.000000 1.000000 1.000000
2.000000 4.000000

150.000000 0.000000 -200.000000
0.063723 0.997926 -0.009154
1.000000 1.000000 1.000000 1.000000
3.000000 4.000000

200.000000 -14.000000 -200.000000
0.000000 1.000000 -0.000000
1.000000 1.000000 1.000000 1.000000
4.000000 4.000000

250.000000 0.000000 -200.000000
-0.089487 0.995017 -0.043959
1.000000 1.000000 1.000000 1.000000
5.000000 4.000000

300.000000 0.000000 -200.000000
-0.183625 0.965693 0.183625
1.000000 1.000000 1.000000 1.000000
6.000000 4.000000

350.000000 0.000000 -200.000000
-0.411193 0.813536 0.411193
1.000000 1.000000 1.000000 1.000000
7.000000 4.000000

400.000000 113.000000 -200.000000
-0.411193 0.813536 0.411193
1.000000 1.000000 1.000000 1.000000
8.000000 4.000000

450.000000 113.000000 -200.000000
0.000000 0.838044 0.545602
1.000000 1.000000 1.000000 1.000000
9.000000 4.000000

500.000000 113.000000 -200.000000
0.278245 0.702261 0.655293
1.000000 1.000000 1.000000 1.000000
10.000000 4.000000

550.000000 0.000000 -200.000000
-0.070953 0.785375 0.614941
1.000000 1.000000 1.000000 1.000000
11.000000 4.000000

600.000000 90.000000 -200.000000
0.204197 0.838681 0.504894
1.000000 1.000000 1.000000 1.000000
12.000000 4.000000

650.000000 0.000000 -200.000000
0.298699 0.945684 0.128296
1.000000 1.000000 1.000000 1.000000
13.000000 4.000000

750.000000 0.000000 -200.000000
0.707107 0.707107 0.000000
1.000000 1.000000 1.000000 1.000000
14.000000 4.000000

750.000000 -250.000000 -200.000000
1.000000 0.000000 -0.000000
1.000000 1.000000 1.000000 1.000000
15.000000 4.000000

0.000000 -250.000000 -250.000000
-1.000000 0.000000 0.000000
1.000000 1.000000 1.000000 1.000000
0.000000 5.000000

0.000000 0.000000 -250.000000
-0.707107 0.707107 0.000000
1.000000 1.000000 1.000000 1.000000
1.000000 5.000000

100.000000 0.000000 -250.000000
0.052577 0.998275 0.026126
1.000000 1.000000 1.000000 1.000000
2.000000 5.000000

150.000000 -8.000000 -250.000000
-0.152639 0.976424 0.152639
1.000000 1.000000 1.000000 1.000000
3.000000 5.000000

200.000000 0.000000 -250.000000
-0.054847 0.822401 0.566259
1.000000 1.000000 1.000000 1.000000
4.000000 5.000000

250.000000 0.000000 -250.000000
-0.052587 0.807406 0.587648
1.000000 1.000000 1.000000 1.000000
5.000000 5.000000

300.000000 0.000000 -250.000000
-0.411193 0.813536 0.411193
1.000000 1.000000 1.000000 1.000000
6.000000 5.000000

350.000000 113.000000 -250.000000
-0.411193 0.813536 0.411193
1.000000 1.000000 1.000000 1.000000
7.000000 5.000000

400.000000 113.000000 -250.000000
-0.183625 0.965693 0.183625
1.000000 1.000000 1.000000 1.000000
8.000000 5.000000

450.000000 113.000000 -250.000000
-0.000000 1.000000 0.000000
1.000000 1.000000 1.000000 1.000000
9.000000 5.000000

500.000000 113.000000 -250.000000
-0.000000 1.000000 0.000000
1.000000 1.000000 1.000000 1.000000
10.000000 5.000000

550.000000 113.000000 -250.000000
0.282403 0.908291 0.308637
1.000000 1.000000 1.000000 1.000000
11.000000 5.000000

600.000000 97.000000 -250.000000
0.425941 0.832871 0.353412
1.000000 1.000000 1.000000 1.000000
12.000000 5.000000

650.000000 0.000000 -250.000000
0.573893 0.779138 0.252170
1.000000 1.000000 1.000000 1.000000
13.000000 5.000000

750.000000 0.000000 -250.000000
0.707107 0.707107 0.000000
1.000000 1.000000 1.000000 1.000000
14.000000 5.000000

750.000000 -250.000000 -250.000000
1.000000 0.000000 -0.000000
1.000000 1.000000 1.000000 1.000000
15.000000 5.000000

0.000000 -250.000000 -300.000000
-1.000000 0.000000 0.000000
1.000000 1.000000 1.000000 1.000000
0.000000 6.000000

0.000000 0.000000 -300.000000
-0.707107 0.707107 0.000000
1.000000 1.000000 1.000000 1.000000
1.000000 6.000000

100.000000 0.000000 -300.000000
-0.174551 0.969053 0.174551
1.000000 1.000000 1.000000 1.000000
2.000000 6.000000

150.000000 0.000000 -300.000000
-0.343907 0.808402 0.477719
1.000000 1.000000 1.000000 1.000000
3.000000 6.000000

200.000000 82.000000 -300.000000
-0.494622 0.714632 0.494622
1.000000 1.000000 1.000000 1.000000
4.000000 6.000000

250.000000 113.000000 -300.000000
-0.329089 0.648069 0.686809
1.000000 1.000000 1.000000 1.000000
5.000000 6.000000

300.000000 113.000000 -300.000000
0.000000 0.484155 0.874982
1.000000 1.000000 1.000000 1.000000
6.000000 6.000000

350.000000 113.000000 -300.000000
-0.184489 0.703849 0.685974
1.000000 1.000000 1.000000 1.000000
7.000000 6.000000

400.000000 113.000000 -300.000000
0.000000 0.883136 0.469118
1.000000 1.000000 1.000000 1.000000
8.000000 6.000000

450.000000 113.000000 -300.000000
0.000000 0.883136 0.469118
1.000000 1.000000 1.000000 1.000000
9.000000 6.000000

500.000000 113.000000 -300.000000
0.121738 0.952298 0.279837
1.000000 1.000000 1.000000 1.000000
10.000000 6.000000

550.000000 113.000000 -300.000000
0.187372 0.981872 -0.028601
1.000000 1.000000 1.000000 1.000000
11.000000 6.000000

600.000000 96.000000 -300.000000
0.406422 0.912888 -0.038161
1.000000 1.000000 1.000000 1.000000
12.000000 6.000000

650.000000 61.000000 -300.000000
0.595934 0.758779 0.262901
1.000000 1.000000 1.000000 1.000000
13.000000 6.000000

750.000000 0.000000 -300.000000
0.835854 0.526516 0.155338
1.000000 1.000000 1.000000 1.000000
14.000000 6.000000

750.000000 -250.000000 -300.000000
1.000000 0.000000 -0.000000
1.000000 1.000000 1.000000 1.000000
15.000000 6.000000

0.000000 -250.000000 -350.000000
-1.000000 0.000000 0.000000
1.000000 1.000000 1.000000 1.000000
0.000000 7.000000

0.000000 0.000000 -350.000000
-0.707107 0.707107 0.000000
1.000000 1.000000 1.000000 1.000000
1.000000 7.000000

100.000000 0.000000 -350.000000
-0.523368 0.851952 0.016220
1.000000 1.000000 1.000000 1.000000
2.000000 7.000000

150.000000 96.000000 -350.000000
-0.490645 0.767498 0.412571
1.000000 1.000000 1.000000 1.000000
3.000000 7.000000

200.000000 113.000000 -350.000000
-0.247557 0.911549 0.328319
1.000000 1.000000 1.000000 1.000000
4.000000 7.000000

250.000000 113.000000 -350.000000
-0.564005 0.819858 0.098648
1.000000 1.000000 1.000000 1.000000
5.000000 7.000000

300.000000 187.000000 -350.000000
-0.342103 0.875175 0.342103
1.000000 1.000000 1.000000 1.000000
6.000000 7.000000

350.000000 187.000000 -350.000000
0.000000 0.883136 0.469118
1.000000 1.000000 1.000000 1.000000
7.000000 7.000000

400.000000 187.000000 -350.000000
0.000000 0.883136 0.469118
1.000000 1.000000 1.000000 1.000000
8.000000 7.000000

450.000000 187.000000 -350.000000
0.000000 0.883136 0.469118
1.000000 1.000000 1.000000 1.000000
9.000000 7.000000

500.000000 187.000000 -350.000000
0.468422 0.749108 0.468422
1.000000 1.000000 1.000000 1.000000
10.000000 7.000000

550.000000 113.000000 -350.000000
0.478113 0.863398 0.161098
1.000000 1.000000 1.000000 1.000000
11.000000 7.000000

600.000000 87.000000 -350.000000
0.389684 0.919885 0.044257
1.000000 1.000000 1.000000 1.000000
12.000000 7.000000

650.000000 70.000000 -350.000000
0.499114 0.864713 0.056177
1.000000 1.000000 1.000000 1.000000
13.000000 7.000000

750.000000 0.000000 -350.000000
0.882233 0.470003 0.027610
1.000000 1.000000 1.000000 1.000000
14.000000 7.000000

750.000000 -250.000000 -350.000000
1.000000 0.000000 -0.000000
1.000000 1.000000 1.000000 1.000000
15.000000 7.000000

0.000000 -250.000000 -400.000000
-1.000000 0.000000 0.000000
1.000000 1.000000 1.000000 1.000000
0.000000 8.000000

0.000000 0.000000 -400.000000
-0.707107 0.707107 0.000000
1.000000 1.000000 1.000000 1.000000
1.000000 8.000000

100.000000 0.000000 -400.000000
-0.537521 0.843141 0.013572
1.000000 1.000000 1.000000 1.000000
2.000000 8.000000

150.000000 105.000000 -400.000000
-0.572874 0.814409 0.092484
1.000000 1.000000 1.000000 1.000000
3.000000 8.000000

200.000000 113.000000 -400.000000
-0.265324 0.947200 0.180043
1.000000 1.000000 1.000000 1.000000
4.000000 8.000000

250.000000 113.000000 -400.000000
-0.355638 0.877181 0.322605
1.000000 1.000000 1.000000 1.000000
5.000000 8.000000

300.000000 187.000000 -400.000000
-0.469118 0.883136 0.000000
1.000000 1.000000 1.000000 1.000000
6.000000 8.000000

350.000000 187.000000 -400.000000
-0.000000 1.000000 0.000000
1.000000 1.000000 1.000000 1.000000
7.000000 8.000000

400.000000 187.000000 -400.000000
-0.000000 1.000000 0.000000
1.000000 1.000000 1.000000 1.000000
8.000000 8.000000

450.000000 187.000000 -400.000000
0.000000 1.000000 0.000000
1.000000 1.000000 1.000000 1.000000
9.000000 8.000000

500.000000 187.000000 -400.000000
0.469118 0.883136 0.000000
1.000000 1.000000 1.000000 1.000000
10.000000 8.000000

550.000000 113.000000 -400.000000
0.564452 0.825436 0.006968
1.000000 1.000000 1.000000 1.000000
11.000000 8.000000

600.000000 101.000000 -400.000000
0.387939 0.917462 0.088133
1.000000 1.000000 1.000000 1.000000
12.000000 8.000000

650.000000 76.000000 -400.000000
0.506696 0.859698 0.064640
1.000000 1.000000 1.000000 1.000000
13.000000 8.000000

750.000000 0.000000 -400.000000
0.892974 0.449757 0.017764
1.000000 1.000000 1.000000 1.000000
14.000000 8.000000

750.000000 -250.000000 -400.000000
1.000000 0.000000 -0.000000
1.000000 1.000000 1.000000 1.000000
15.000000 8.000000

0.000000 -250.000000 -450.000000
-1.000000 0.000000 0.000000
1.000000 1.000000 1.000000 1.000000
0.000000 9.000000

0.000000 0.000000 -450.000000
-0.856356 0.472247 0.208895
1.000000 1.000000 1.000000 1.000000
1.000000 9.000000

100.000000 0.000000 -450.000000
-0.411193 0.813536 0.411193
1.000000 1.000000 1.000000 1.000000
2.000000 9.000000

150.000000 113.000000 -450.000000
-0.542064 0.839131 0.045002
1.000000 1.000000 1.000000 1.000000
3.000000 9.000000

200.000000 113.000000 -450.000000
-0.477151 0.877560 0.047058
1.000000 1.000000 1.000000 1.000000
4.000000 9.000000

250.000000 179.000000 -450.000000
-0.361549 0.859398 0.361549
1.000000 1.000000 1.000000 1.000000
5.000000 9.000000

300.000000 187.000000 -450.000000
-0.203506 0.967651 0.149122
1.000000 1.000000 1.000000 1.000000
6.000000 9.000000

350.000000 187.000000 -450.000000
0.000000 1.000000 0.000000
1.000000 1.000000 1.000000 1.000000
7.000000 9.000000

400.000000 187.000000 -450.000000
-0.000000 1.000000 0.000000
1.000000 1.000000 1.000000 1.000000
8.000000 9.000000

450.000000 187.000000 -450.000000
0.000000 1.000000 0.000000
1.000000 1.000000 1.000000 1.000000
9.000000 9.000000

500.000000 187.000000 -450.000000
0.357047 0.929060 0.096773
1.000000 1.000000 1.000000 1.000000
10.000000 9.000000

550.000000 113.000000 -450.000000
0.640205 0.749447 0.168722
1.000000 1.000000 1.000000 1.000000
11.000000 9.000000

600.000000 103.000000 -450.000000
0.412430 0.900903 -0.135187
1.000000 1.000000 1.000000 1.000000
12.000000 9.000000

650.000000 74.000000 -450.000000
0.484950 0.843756 -0.229999
1.000000 1.000000 1.000000 1.000000
13.000000 9.000000

750.000000 0.000000 -450.000000
0.893948 0.448130 -0.005992
1.000000 1.000000 1.000000 1.000000
14.000000 9.000000

750.000000 -250.000000 -450.000000
1.000000 0.000000 -0.000000
1.000000 1.000000 1.000000 1.000000
15.000000 9.000000

0.000000 -250.000000 -500.000000
-1.000000 0.000000 0.000000
1.000000 1.000000 1.000000 1.000000
0.000000 10.000000

0.000000 0.000000 -500.000000
-0.935112 0.354351 0.000000
1.000000 1.000000 1.000000 1.000000
1.000000 10.000000

100.000000 113.000000 -500.000000
-0.314467 0.868128 0.384010
1.000000 1.000000 1.000000 1.000000
2.000000 10.000000

150.000000 113.000000 -500.000000
-0.183625 0.965693 0.183625
1.000000 1.000000 1.000000 1.000000
3.000000 10.000000

200.000000 113.000000 -500.000000
-0.426623 0.902591 -0.057647
1.000000 1.000000 1.000000 1.000000
4.000000 10.000000

250.000000 187.000000 -500.000000
-0.478446 0.856542 -0.193458
1.000000 1.000000 1.000000 1.000000
5.000000 10.000000

300.000000 187.000000 -500.000000
0.094053 0.957437 -0.272890
1.000000 1.000000 1.000000 1.000000
6.000000 10.000000

350.000000 187.000000 -500.000000
0.000000 0.883136 -0.469118
1.000000 1.000000 1.000000 1.000000
7.000000 10.000000

400.000000 187.000000 -500.000000
0.000000 0.883136 -0.469118
1.000000 1.000000 1.000000 1.000000
8.000000 10.000000

450.000000 187.000000 -500.000000
0.000000 0.883136 -0.469118
1.000000 1.000000 1.000000 1.000000
9.000000 10.000000

500.000000 187.000000 -500.000000
0.050231 0.946735 -0.318072
1.000000 1.000000 1.000000 1.000000
10.000000 10.000000

550.000000 167.000000 -500.000000
0.680260 0.716815 0.153044
1.000000 1.000000 1.000000 1.000000
11.000000 10.000000

600.000000 96.000000 -500.000000
0.725345 0.687105 0.041959
1.000000 1.000000 1.000000 1.000000
12.000000 10.000000

650.000000 29.000000 -500.000000
0.509342 0.827514 -0.236203
1.000000 1.000000 1.000000 1.000000
13.000000 10.000000

750.000000 0.000000 -500.000000
0.845875 0.515898 -0.135442
1.000000 1.000000 1.000000 1.000000
14.000000 10.000000

750.000000 -250.000000 -500.000000
1.000000 0.000000 -0.000000
1.000000 1.000000 1.000000 1.000000
15.000000 10.000000

0.000000 -250.000000 -550.000000
-1.000000 0.000000 0.000000
1.000000 1.000000 1.000000 1.000000
0.000000 11.000000

0.000000 0.000000 -550.000000
-0.884702 0.431381 -0.176669
1.000000 1.000000 1.000000 1.000000
1.000000 11.000000

100.000000 113.000000 -550.000000
-0.518662 0.799915 -0.301871
1.000000 1.000000 1.000000 1.000000
2.000000 11.000000

150.000000 113.000000 -550.000000
-0.000000 1.000000 0.000000
1.000000 1.000000 1.000000 1.000000
3.000000 11.000000

200.000000 113.000000 -550.000000
-0.221625 0.969930 -0.100595
1.000000 1.000000 1.000000 1.000000
4.000000 11.000000

250.000000 158.000000 -550.000000
-0.391898 0.771814 -0.500719
1.000000 1.000000 1.000000 1.000000
5.000000 11.000000

300.000000 162.000000 -550.000000
0.226570 0.840029 -0.492968
1.000000 1.000000 1.000000 1.000000
6.000000 11.000000

350.000000 113.000000 -550.000000
0.335013 0.824716 -0.455643
1.000000 1.000000 1.000000 1.000000
7.000000 11.000000

400.000000 113.000000 -550.000000
-0.037859 0.788638 -0.613691
1.000000 1.000000 1.000000 1.000000
8.000000 11.000000

450.000000 113.000000 -550.000000
0.020932 0.821492 -0.569836
1.000000 1.000000 1.000000 1.000000
9.000000 11.000000

500.000000 113.000000 -550.000000
-0.242078 0.730051 -0.639081
1.000000 1.000000 1.000000 1.000000
10.000000 11.000000

550.000000 162.000000 -550.000000
0.259280 0.849617 -0.459266
1.000000 1.000000 1.000000 1.000000
11.000000 11.000000

600.000000 92.000000 -550.000000
0.802425 0.596220 -0.025225
1.000000 1.000000 1.000000 1.000000
12.000000 11.000000

650.000000 31.000000 -550.000000
0.555546 0.830655 -0.037159
1.000000 1.000000 1.000000 1.000000
13.000000 11.000000

750.000000 0.000000 -550.000000
0.803234 0.595612 0.007923
1.000000 1.000000 1.000000 1.000000
14.000000 11.000000

750.000000 -250.000000 -550.000000
1.000000 0.000000 -0.000000
1.000000 1.000000 1.000000 1.000000
15.000000 11.000000

0.000000 -250.000000 -600.000000
-1.000000 0.000000 0.000000
1.000000 1.000000 1.000000 1.000000
0.000000 12.000000

0.000000 0.000000 -600.000000
-0.707107 0.707107 0.000000
1.000000 1.000000 1.000000 1.000000
1.000000 12.000000

100.000000 0.000000 -600.000000
-0.363441 0.816255 -0.449042
1.000000 1.000000 1.000000 1.000000
2.000000 12.000000

150.000000 113.000000 -600.000000
-0.278245 0.702261 -0.655293
1.000000 1.000000 1.000000 1.000000
3.000000 12.000000

200.000000 113.000000 -600.000000
0.000000 0.838044 -0.545602
1.000000 1.000000 1.000000 1.000000
4.000000 12.000000

250.000000 113.000000 -600.000000
-0.103540 0.665722 -0.738982
1.000000 1.000000 1.000000 1.000000
5.000000 12.000000

300.000000 113.000000 -600.000000
-0.009697 0.575337 -0.817859
1.000000 1.000000 1.000000 1.000000
6.000000 12.000000

350.000000 113.000000 -600.000000
0.255350 0.706453 -0.660091
1.000000 1.000000 1.000000 1.000000
7.000000 12.000000

400.000000 91.000000 -600.000000
0.054343 0.767244 -0.639049
1.000000 1.000000 1.000000 1.000000
8.000000 12.000000

450.000000 103.000000 -600.000000
-0.056580 0.779892 -0.623351
1.000000 1.000000 1.000000 1.000000
9.000000 12.000000

500.000000 97.000000 -600.000000
-0.057823 0.797373 -0.600710
1.000000 1.000000 1.000000 1.000000
10.000000 12.000000

550.000000 113.000000 -600.000000
-0.099418 0.668400 -0.737128
1.000000 1.000000 1.000000 1.000000
11.000000 12.000000

600.000000 96.000000 -600.000000
0.568507 0.685519 -0.454823
1.000000 1.000000 1.000000 1.000000
12.000000 12.000000

650.000000 24.000000 -600.000000
0.543230 0.836627 -0.070405
1.000000 1.000000 1.000000 1.000000
13.000000 12.000000

750.000000 0.000000 -600.000000
0.792488 0.609225 -0.028425
1.000000 1.000000 1.000000 1.000000
14.000000 12.000000

750.000000 -250.000000 -600.000000
1.000000 0.000000 -0.000000
1.000000 1.000000 1.000000 1.000000
15.000000 12.000000

0.000000 -250.000000 -650.000000
-1.000000 0.000000 0.000000
1.000000 1.000000 1.000000 1.000000
0.000000 13.000000

0.000000 0.000000 -650.000000
-0.707107 0.707107 0.000000
1.000000 1.000000 1.000000 1.000000
1.000000 13.000000

100.000000 0.000000 -650.000000
-0.000000 1.000000 0.000000
1.000000 1.000000 1.000000 1.000000
2.000000 13.000000

150.000000 0.000000 -650.000000
-0.134695 0.938738 -0.317219
1.000000 1.000000 1.000000 1.000000
3.000000 13.000000

200.000000 0.000000 -650.000000
0.000000 0.838044 -0.545602
1.000000 1.000000 1.000000 1.000000
4.000000 13.000000

250.000000 0.000000 -650.000000
0.000000 0.838044 -0.545602
1.000000 1.000000 1.000000 1.000000
5.000000 13.000000

300.000000 0.000000 -650.000000
0.000000 0.838044 -0.545602
1.000000 1.000000 1.000000 1.000000
6.000000 13.000000

350.000000 0.000000 -650.000000
0.000000 0.838044 -0.545602
1.000000 1.000000 1.000000 1.000000
7.000000 13.000000

400.000000 0.000000 -650.000000
0.040618 0.853839 -0.518950
1.000000 1.000000 1.000000 1.000000
8.000000 13.000000

450.000000 0.000000 -650.000000
-0.124339 0.825540 -0.550476
1.000000 1.000000 1.000000 1.000000
9.000000 13.000000

500.000000 20.000000 -650.000000
-0.114388 0.803626 -0.584039
1.000000 1.000000 1.000000 1.000000
10.000000 13.000000

550.000000 25.000000 -650.000000
-0.029127 0.806921 -0.589941
1.000000 1.000000 1.000000 1.000000
11.000000 13.000000

600.000000 20.000000 -650.000000
0.076972 0.823871 -0.561527
1.000000 1.000000 1.000000 1.000000
12.000000 13.000000

650.000000 17.000000 -650.000000
0.231173 0.938214 -0.257515
1.000000 1.000000 1.000000 1.000000
13.000000 13.000000

750.000000 0.000000 -650.000000
0.771877 0.635083 -0.029586
1.000000 1.000000 1.000000 1.000000
14.000000 13.000000

750.000000 -250.000000 -650.000000
1.000000 0.000000 -0.000000
1.000000 1.000000 1.000000 1.000000
15.000000 13.000000

0.000000 -250.000000 -750.000000
-1.000000 0.000000 0.000000
1.000000 1.000000 1.000000 1.000000
0.000000 14.000000

0.000000 0.000000 -750.000000
-0.666667 0.333333 -0.666667
1.000000 1.000000 1.000000 1.000000
1.000000 14.000000

100.000000 0.000000 -750.000000
0.000000 0.707107 -0.707107
1.000000 1.000000 1.000000 1.000000
2.000000 14.000000

150.000000 0.000000 -750.000000
0.000000 0.707107 -0.707107
1.000000 1.000000 1.000000 1.000000
3.000000 14.000000

200.000000 0.000000 -750.000000
0.000000 0.707107 -0.707107
1.000000 1.000000 1.000000 1.000000
4.000000 14.000000

250.000000 0.000000 -750.000000
0.000000 0.707107 -0.707107
1.000000 1.000000 1.000000 1.000000
5.000000 14.000000

300.000000 0.000000 -750.000000
0.000000 0.707107 -0.707107
1.000000 1.000000 1.000000 1.000000
6.000000 14.000000

350.000000 0.000000 -750.000000
0.000000 0.707107 -0.707107
1.000000 1.000000 1.000000 1.000000
7.000000 14.000000

400.000000 0.000000 -750.000000
0.000000 0.707107 -0.707107
1.000000 1.000000 1.000000 1.000000
8.000000 14.000000

450.000000 0.000000 -750.000000
0.000000 0.707107 -0.707107
1.000000 1.000000 1.000000 1.000000
9.000000 14.000000

500.000000 0.000000 -750.000000
-0.081812 0.648278 -0.756996
1.000000 1.000000 1.000000 1.000000
10.000000 14.000000

550.000000 0.000000 -750.000000
-0.020560 0.620959 -0.783574
1.000000 1.000000 1.000000 1.000000
11.000000 14.000000

600.000000 0.000000 -750.000000
0.020911 0.627110 -0.778650
1.000000 1.000000 1.000000 1.000000
12.000000 14.000000

650.000000 0.000000 -750.000000
0.012831 0.641165 -0.767296
1.000000 1.000000 1.000000 1.000000
13.000000 14.000000

750.000000 0.000000 -750.000000
0.594709 0.540965 -0.594709
1.000000 1.000000 1.000000 1.000000
14.000000 14.000000

750.000000 -250.000000 -700.000000
1.000000 0.000000 -0.000000
1.000000 1.000000 1.000000 1.000000
15.000000 14.000000

0.000000 -250.000000 -750.000000
0.000000 1.000000 0.000000
1.000000 1.000000 1.000000 1.000000
0.000000 15.000000

0.000000 -250.000000 -750.000000
0.000000 0.000000 -1.000000
1.000000 1.000000 1.000000 1.000000
1.000000 15.000000

100.000000 -250.000000 -750.000000
0.000000 0.000000 -1.000000
1.000000 1.000000 1.000000 1.000000
2.000000 15.000000

150.000000 -250.000000 -750.000000
0.000000 0.000000 -1.000000
1.000000 1.000000 1.000000 1.000000
3.000000 15.000000

200.000000 -250.000000 -750.000000
0.000000 0.000000 -1.000000
1.000000 1.000000 1.000000 1.000000
4.000000 15.000000

250.000000 -250.000000 -750.000000
0.000000 0.000000 -1.000000
1.000000 1.000000 1.000000 1.000000
5.000000 15.000000

300.000000 -250.000000 -750.000000
0.000000 0.000000 -1.000000
1.000000 1.000000 1.000000 1.000000
6.000000 15.000000

350.000000 -250.000000 -750.000000
0.000000 0.000000 -1.000000
1.000000 1.000000 1.000000 1.000000
7.000000 15.000000

400.000000 -250.000000 -750.000000
0.000000 0.000000 -1.000000
1.000000 1.000000 1.000000 1.000000
8.000000 15.000000

450.000000 -250.000000 -750.000000
0.000000 0.000000 -1.000000
1.000000 1.000000 1.000000 1.000000
9.000000 15.000000

500.000000 -250.000000 -750.000000
0.000000 0.000000 -1.000000
1.000000 1.000000 1.000000 1.000000
10.000000 15.000000

550.000000 -250.000000 -750.000000
0.000000 0.000000 -1.000000
1.000000 1.000000 1.000000 1.000000
11.000000 15.000000

600.000000 -250.000000 -750.000000
0.000000 0.000000 -1.000000
1.000000 1.000000 1.000000 1.000000
12.000000 15.000000

650.000000 -250.000000 -750.000000
0.000000 0.000000 -1.000000
1.000000 1.000000 1.000000 1.000000
13.000000 15.000000

700.000000 -250.000000 -750.000000
0.000000 0.000000 -1.000000
1.000000 1.000000 1.000000 1.000000
14.000000 15.000000

750.000000 -250.000000 -750.000000
0.707107 0.000000 -0.707107
1.000000 1.000000 1.000000 1.000000
15.000000 15.000000

