121 11 11

0.000000 -500.000000 -0.000000
-0.707107 0.000000 0.707107
1.000000 1.000000 1.000000 1.000000
-0.911992 -1.326006

200.000000 -500.000000 -0.000000
-0.000000 0.000000 1.000000
1.000000 1.000000 1.000000 1.000000
1.000000 -1.326006

400.000000 -500.000000 -0.000000
-0.000000 0.000000 1.000000
1.000000 1.000000 1.000000 1.000000
2.000000 -1.326006

600.000000 -500.000000 -0.000000
-0.000000 0.000000 1.000000
1.000000 1.000000 1.000000 1.000000
3.000000 -1.326006

800.000000 -500.000000 -0.000000
-0.000000 0.000000 1.000000
1.000000 1.000000 1.000000 1.000000
4.000000 -1.326006

1000.000000 -500.000000 -0.000000
-0.000000 0.000000 1.000000
1.000000 1.000000 1.000000 1.000000
5.000000 -1.326006

1200.000000 -500.000000 -0.000000
-0.000000 0.000000 1.000000
1.000000 1.000000 1.000000 1.000000
6.000000 -1.326006

1400.000000 -500.000000 -0.000000
-0.000000 0.000000 1.000000
1.000000 1.000000 1.000000 1.000000
7.000000 -1.326006

1600.000000 -500.000000 -0.000000
-0.000000 0.000000 1.000000
1.000000 1.000000 1.000000 1.000000
8.000000 -1.326006

2000.000000 -500.000000 -0.000000
0.707107 0.000000 0.707107
1.000000 1.000000 1.000000 1.000000
9.000000 -1.326006

2000.000000 -500.000000 -0.000000
0.000000 1.000000 0.000000
1.000000 1.000000 1.000000 1.000000
11.050425 0.000000

0.000000 -500.000000 -200.000000
-1.000000 0.000000 0.000000
1.000000 1.000000 1.000000 1.000000
-0.911992 1.000000

0.000000 0.000000 -0.000000
-0.577350 0.577350 0.577350
1.000000 1.000000 1.000000 1.000000
0.234010 0.041009

400.000000 0.000000 -0.000000
-0.000000 0.707107 0.707107
1.000000 1.000000 1.000000 1.000000
2.000000 0.041009

600.000000 0.000000 -0.000000
-0.000000 0.707107 0.707107
1.000000 1.000000 1.000000 1.000000
3.000000 0.041009

800.000000 0.000000 -0.000000
-0.000000 0.707107 0.707107
1.000000 1.000000 1.000000 1.000000
4.000000 0.041009

1000.000000 0.000000 -0.000000
-0.000000 0.707107 0.707107
1.000000 1.000000 1.000000 1.000000
5.000000 0.041009

1200.000000 0.000000 -0.000000
-0.000000 0.707107 0.707107
1.000000 1.000000 1.000000 1.000000
6.000000 0.041009

1400.000000 0.000000 -0.000000
-0.000000 0.707107 0.707107
1.000000 1.000000 1.000000 1.000000
7.000000 0.041009

1600.000000 0.000000 -0.000000
-0.000000 0.707107 0.707107
1.000000 1.000000 1.000000 1.000000
8.000000 0.041009

2000.000000 0.000000 -0.000000
0.801784 0.267261 0.534522
1.000000 1.000000 1.000000 1.000000
9.484196 0.041009

2000.000000 -500.000000 -200.000000
1.000000 0.000000 0.000000
1.000000 1.000000 1.000000 1.000000
11.050425 1.000000

0.000000 -500.000000 -400.000000
-1.000000 0.000000 0.000000
1.000000 1.000000 1.000000 1.000000
-0.911992 2.000000

0.000000 0.000000 -400.000000
-0.707107 0.707107 0.000000
1.000000 1.000000 1.000000 1.000000
0.234010 2.000000

400.000000 0.000000 -400.000000
0.000000 1.000000 0.000000
1.000000 1.000000 1.000000 1.000000
2.000000 2.000000

600.000000 0.000000 -400.000000
0.000000 1.000000 0.000000
1.000000 1.000000 1.000000 1.000000
3.000000 2.000000

800.000000 0.000000 -400.000000
0.000000 1.000000 0.000000
1.000000 1.000000 1.000000 1.000000
4.000000 2.000000

1000.000000 0.000000 -400.000000
0.000000 1.000000 0.000000
1.000000 1.000000 1.000000 1.000000
5.000000 2.000000

1200.000000 0.000000 -400.000000
0.000000 1.000000 0.000000
1.000000 1.000000 1.000000 1.000000
6.000000 2.000000

1400.000000 0.000000 -400.000000
0.000000 1.000000 0.000000
1.000000 1.000000 1.000000 1.000000
7.000000 2.000000

1600.000000 0.000000 -400.000000
0.000000 1.000000 0.000000
1.000000 1.000000 1.000000 1.000000
8.000000 2.000000

2000.000000 0.000000 -400.000000
0.707107 0.707107 0.000000
1.000000 1.000000 1.000000 1.000000
9.484196 2.000000

2000.000000 -500.000000 -400.000000
1.000000 0.000000 0.000000
1.000000 1.000000 1.000000 1.000000
11.050425 2.000000

0.000000 -500.000000 -600.000000
-1.000000 0.000000 0.000000
1.000000 1.000000 1.000000 1.000000
-0.911992 3.000000

0.000000 0.000000 -600.000000
-0.707107 0.707107 0.000000
1.000000 1.000000 1.000000 1.000000
0.234010 3.000000

400.000000 0.000000 -600.000000
0.000000 1.000000 0.000000
1.000000 1.000000 1.000000 1.000000
2.000000 3.000000

600.000000 0.000000 -600.000000
0.000000 1.000000 0.000000
1.000000 1.000000 1.000000 1.000000
3.000000 3.000000

800.000000 0.000000 -600.000000
0.000000 1.000000 0.000000
1.000000 1.000000 1.000000 1.000000
4.000000 3.000000

1000.000000 0.000000 -600.000000
0.000000 1.000000 0.000000
1.000000 1.000000 1.000000 1.000000
5.000000 3.000000

1200.000000 0.000000 -600.000000
0.000000 1.000000 0.000000
1.000000 1.000000 1.000000 1.000000
6.000000 3.000000

1400.000000 0.000000 -600.000000
0.000000 1.000000 0.000000
1.000000 1.000000 1.000000 1.000000
7.000000 3.000000

1600.000000 0.000000 -600.000000
0.000000 1.000000 0.000000
1.000000 1.000000 1.000000 1.000000
8.000000 3.000000

2000.000000 0.000000 -600.000000
0.707107 0.707107 0.000000
1.000000 1.000000 1.000000 1.000000
9.484196 3.000000

2000.000000 -500.000000 -600.000000
1.000000 0.000000 0.000000
1.000000 1.000000 1.000000 1.000000
11.050425 3.000000

0.000000 -500.000000 -800.000000
-1.000000 0.000000 0.000000
1.000000 1.000000 1.000000 1.000000
-0.911992 4.000000

0.000000 0.000000 -800.000000
-0.707107 0.707107 0.000000
1.000000 1.000000 1.000000 1.000000
0.234010 4.000000

400.000000 0.000000 -800.000000
0.000000 1.000000 0.000000
1.000000 1.000000 1.000000 1.000000
2.000000 4.000000

600.000000 0.000000 -800.000000
0.000000 1.000000 0.000000
1.000000 1.000000 1.000000 1.000000
3.000000 4.000000

800.000000 0.000000 -800.000000
0.000000 1.000000 0.000000
1.000000 1.000000 1.000000 1.000000
4.000000 4.000000

1000.000000 0.000000 -800.000000
0.000000 1.000000 0.000000
1.000000 1.000000 1.000000 1.000000
5.000000 4.000000

1200.000000 0.000000 -800.000000
0.000000 1.000000 0.000000
1.000000 1.000000 1.000000 1.000000
6.000000 4.000000

1400.000000 0.000000 -800.000000
0.000000 1.000000 0.000000
1.000000 1.000000 1.000000 1.000000
7.000000 4.000000

1600.000000 0.000000 -800.000000
0.000000 1.000000 0.000000
1.000000 1.000000 1.000000 1.000000
8.000000 4.000000

2000.000000 0.000000 -800.000000
0.707107 0.707107 0.000000
1.000000 1.000000 1.000000 1.000000
9.484196 4.000000

2000.000000 -500.000000 -800.000000
1.000000 0.000000 0.000000
1.000000 1.000000 1.000000 1.000000
11.050425 4.000000

0.000000 -500.000000 -1000.000000
-1.000000 0.000000 0.000000
1.000000 1.000000 1.000000 1.000000
-0.911992 5.000000

0.000000 0.000000 -1000.000000
-0.707107 0.707107 0.000000
1.000000 1.000000 1.000000 1.000000
0.234010 5.000000

400.000000 0.000000 -1000.000000
0.000000 1.000000 0.000000
1.000000 1.000000 1.000000 1.000000
2.000000 5.000000

600.000000 0.000000 -1000.000000
0.000000 1.000000 0.000000
1.000000 1.000000 1.000000 1.000000
3.000000 5.000000

800.000000 0.000000 -1000.000000
0.000000 1.000000 0.000000
1.000000 1.000000 1.000000 1.000000
4.000000 5.000000

1000.000000 0.000000 -1000.000000
0.000000 1.000000 0.000000
1.000000 1.000000 1.000000 1.000000
5.000000 5.000000

1200.000000 0.000000 -1000.000000
0.000000 1.000000 0.000000
1.000000 1.000000 1.000000 1.000000
6.000000 5.000000

1400.000000 0.000000 -1000.000000
0.000000 1.000000 0.000000
1.000000 1.000000 1.000000 1.000000
7.000000 5.000000

1600.000000 0.000000 -1000.000000
0.000000 1.000000 0.000000
1.000000 1.000000 1.000000 1.000000
8.000000 5.000000

2000.000000 0.000000 -1000.000000
0.707107 0.707107 0.000000
1.000000 1.000000 1.000000 1.000000
9.484196 5.000000

2000.000000 -500.000000 -1000.000000
1.000000 0.000000 0.000000
1.000000 1.000000 1.000000 1.000000
11.050425 5.000000

0.000000 -500.000000 -1200.000000
-1.000000 0.000000 0.000000
1.000000 1.000000 1.000000 1.000000
-0.911992 6.000000

0.000000 0.000000 -1200.000000
-0.707107 0.707107 0.000000
1.000000 1.000000 1.000000 1.000000
0.234010 6.000000

400.000000 0.000000 -1200.000000
0.000000 1.000000 0.000000
1.000000 1.000000 1.000000 1.000000
2.000000 6.000000

600.000000 0.000000 -1200.000000
0.000000 1.000000 0.000000
1.000000 1.000000 1.000000 1.000000
3.000000 6.000000

800.000000 0.000000 -1200.000000
0.000000 1.000000 0.000000
1.000000 1.000000 1.000000 1.000000
4.000000 6.000000

1000.000000 0.000000 -1200.000000
0.000000 1.000000 0.000000
1.000000 1.000000 1.000000 1.000000
5.000000 6.000000

1200.000000 0.000000 -1200.000000
0.000000 1.000000 0.000000
1.000000 1.000000 1.000000 1.000000
6.000000 6.000000

1400.000000 0.000000 -1200.000000
0.000000 1.000000 0.000000
1.000000 1.000000 1.000000 1.000000
7.000000 6.000000

1600.000000 0.000000 -1200.000000
0.000000 1.000000 0.000000
1.000000 1.000000 1.000000 1.000000
8.000000 6.000000

2000.000000 0.000000 -1200.000000
0.707107 0.707107 0.000000
1.000000 1.000000 1.000000 1.000000
9.484196 6.000000

2000.000000 -500.000000 -1200.000000
1.000000 0.000000 0.000000
1.000000 1.000000 1.000000 1.000000
11.050425 6.000000

0.000000 -500.000000 -1400.000000
-1.000000 0.000000 0.000000
1.000000 1.000000 1.000000 1.000000
-0.911992 7.000000

0.000000 0.000000 -1400.000000
-0.707107 0.707107 0.000000
1.000000 1.000000 1.000000 1.000000
0.234010 7.000000

400.000000 0.000000 -1400.000000
0.000000 1.000000 0.000000
1.000000 1.000000 1.000000 1.000000
2.000000 7.000000

600.000000 0.000000 -1400.000000
0.000000 1.000000 0.000000
1.000000 1.000000 1.000000 1.000000
3.000000 7.000000

800.000000 0.000000 -1400.000000
0.000000 1.000000 0.000000
1.000000 1.000000 1.000000 1.000000
4.000000 7.000000

1000.000000 0.000000 -1400.000000
0.000000 1.000000 0.000000
1.000000 1.000000 1.000000 1.000000
5.000000 7.000000

1200.000000 0.000000 -1400.000000
0.000000 1.000000 0.000000
1.000000 1.000000 1.000000 1.000000
6.000000 7.000000

1400.000000 0.000000 -1400.000000
0.000000 1.000000 0.000000
1.000000 1.000000 1.000000 1.000000
7.000000 7.000000

1600.000000 0.000000 -1400.000000
0.000000 1.000000 0.000000
1.000000 1.000000 1.000000 1.000000
8.000000 7.000000

2000.000000 0.000000 -1400.000000
0.707107 0.707107 0.000000
1.000000 1.000000 1.000000 1.000000
9.484196 7.000000

2000.000000 -500.000000 -1400.000000
1.000000 0.000000 0.000000
1.000000 1.000000 1.000000 1.000000
11.050425 7.000000

0.000000 -500.000000 -1600.000000
-1.000000 0.000000 0.000000
1.000000 1.000000 1.000000 1.000000
-0.911992 8.000000

0.000000 0.000000 -1600.000000
-0.707107 0.707107 0.000000
1.000000 1.000000 1.000000 1.000000
0.234010 8.000000

400.000000 0.000000 -1600.000000
0.000000 1.000000 0.000000
1.000000 1.000000 1.000000 1.000000
2.000000 8.000000

600.000000 0.000000 -1600.000000
0.000000 1.000000 0.000000
1.000000 1.000000 1.000000 1.000000
3.000000 8.000000

800.000000 0.000000 -1600.000000
0.000000 1.000000 0.000000
1.000000 1.000000 1.000000 1.000000
4.000000 8.000000

1000.000000 0.000000 -1600.000000
0.000000 1.000000 0.000000
1.000000 1.000000 1.000000 1.000000
5.000000 8.000000

1200.000000 0.000000 -1600.000000
0.000000 1.000000 0.000000
1.000000 1.000000 1.000000 1.000000
6.000000 8.000000

1400.000000 0.000000 -1600.000000
0.000000 1.000000 0.000000
1.000000 1.000000 1.000000 1.000000
7.000000 8.000000

1600.000000 0.000000 -1600.000000
0.000000 1.000000 0.000000
1.000000 1.000000 1.000000 1.000000
8.000000 8.000000

2000.000000 0.000000 -1600.000000
0.707107 0.707107 0.000000
1.000000 1.000000 1.000000 1.000000
9.484196 8.000000

2000.000000 -500.000000 -1600.000000
1.000000 0.000000 0.000000
1.000000 1.000000 1.000000 1.000000
11.050425 8.000000

0.000000 -500.000000 -1800.000000
-1.000000 0.000000 0.000000
1.000000 1.000000 1.000000 1.000000
-0.911992 9.000000

0.000000 0.000000 -2000.000000
-0.801784 0.267261 -0.534522
1.000000 1.000000 1.000000 1.000000
0.234010 9.803325

400.000000 0.000000 -2000.000000
0.000000 0.707107 -0.707107
1.000000 1.000000 1.000000 1.000000
2.000000 9.803325

600.000000 0.000000 -2000.000000
0.000000 0.707107 -0.707107
1.000000 1.000000 1.000000 1.000000
3.000000 9.803325

800.000000 0.000000 -2000.000000
0.000000 0.707107 -0.707107
1.000000 1.000000 1.000000 1.000000
4.000000 9.803325

1000.000000 0.000000 -2000.000000
0.000000 0.707107 -0.707107
1.000000 1.000000 1.000000 1.000000
5.000000 9.803325

1200.000000 0.000000 -2000.000000
0.000000 0.707107 -0.707107
1.000000 1.000000 1.000000 1.000000
6.000000 9.803325

1400.000000 0.000000 -2000.000000
0.000000 0.707107 -0.707107
1.000000 1.000000 1.000000 1.000000
7.000000 9.803325

1600.000000 0.000000 -2000.000000
0.000000 0.707107 -0.707107
1.000000 1.000000 1.000000 1.000000
8.000000 9.803325

2000.000000 0.000000 -2000.000000
0.577350 0.577350 -0.577350
1.000000 1.000000 1.000000 1.000000
9.484196 9.803325

2000.000000 -500.000000 -1800.000000
1.000000 0.000000 0.000000
1.000000 1.000000 1.000000 1.000000
11.050425 9.000000

0.000000 -500.000000 -1800.000000
0.000000 1.000000 0.000000
1.000000 1.000000 1.000000 1.000000
-0.911992 10.000000

0.000000 -500.000000 -2000.000000
-0.707107 0.000000 -0.707107
1.000000 1.000000 1.000000 1.000000
1.000000 11.122454

400.000000 -500.000000 -2000.000000
0.000000 0.000000 -1.000000
1.000000 1.000000 1.000000 1.000000
2.000000 11.122454

600.000000 -500.000000 -2000.000000
0.000000 0.000000 -1.000000
1.000000 1.000000 1.000000 1.000000
3.000000 11.122454

800.000000 -500.000000 -2000.000000
0.000000 0.000000 -1.000000
1.000000 1.000000 1.000000 1.000000
4.000000 11.122454

1000.000000 -500.000000 -2000.000000
0.000000 0.000000 -1.000000
1.000000 1.000000 1.000000 1.000000
5.000000 11.122454

1200.000000 -500.000000 -2000.000000
0.000000 0.000000 -1.000000
1.000000 1.000000 1.000000 1.000000
6.000000 11.122454

1400.000000 -500.000000 -2000.000000
0.000000 0.000000 -1.000000
1.000000 1.000000 1.000000 1.000000
7.000000 11.122454

1600.000000 -500.000000 -2000.000000
0.000000 0.000000 -1.000000
1.000000 1.000000 1.000000 1.000000
8.000000 11.122454

1800.000000 -500.000000 -2000.000000
0.000000 0.000000 -1.000000
1.000000 1.000000 1.000000 1.000000
9.000000 11.122454

2000.000000 -500.000000 -2000.000000
0.707107 0.000000 -0.707107
1.000000 1.000000 1.000000 1.000000
11.050425 11.122454

