231 21 11

0.000000 -500.000000 -0.000000
-0.000000 1.000000 0.000000
1.000000 1.000000 1.000000 1.000000
0.000000 0.000000

50.000000 -500.000000 -0.000000
-0.000000 1.000000 0.000000
1.000000 1.000000 1.000000 1.000000
0.330000 0.000000

100.000000 -500.000000 -0.000000
-0.000000 1.000000 0.000000
1.000000 1.000000 1.000000 1.000000
0.660000 0.000000

150.000000 -500.000000 -0.000000
0.000000 1.000000 0.000000
1.000000 1.000000 1.000000 1.000000
0.990000 0.000000

200.000000 -500.000000 -0.000000
0.000000 1.000000 0.000000
1.000000 1.000000 1.000000 1.000000
1.320000 0.000000

250.000000 -500.000000 -0.000000
0.000000 1.000000 0.000000
1.000000 1.000000 1.000000 1.000000
1.650000 0.000000

300.000000 -500.000000 -0.000000
0.000000 1.000000 0.000000
1.000000 1.000000 1.000000 1.000000
1.980000 0.000000

350.000000 -500.000000 -0.000000
0.000000 1.000000 0.000000
1.000000 1.000000 1.000000 1.000000
2.310000 0.000000

400.000000 -500.000000 -0.000000
0.000000 1.000000 0.000000
1.000000 1.000000 1.000000 1.000000
2.640000 0.000000

450.000000 -500.000000 -0.000000
0.000000 1.000000 0.000000
1.000000 1.000000 1.000000 1.000000
2.970000 0.000000

500.000000 -500.000000 -0.000000
-0.000000 1.000000 0.000000
1.000000 1.000000 1.000000 1.000000
3.300000 0.000000

0.000000 -500.000000 -50.000000
0.000000 1.000000 0.000000
1.000000 1.000000 1.000000 1.000000
0.000000 0.330000

50.000000 -500.000000 -50.000000
-0.000000 1.000000 0.000000
1.000000 1.000000 1.000000 1.000000
0.330000 0.330000

100.000000 -500.000000 -50.000000
-0.000000 1.000000 0.000000
1.000000 1.000000 1.000000 1.000000
0.660000 0.330000

150.000000 -500.000000 -50.000000
-0.000000 1.000000 0.000000
1.000000 1.000000 1.000000 1.000000
0.990000 0.330000

200.000000 -500.000000 -50.000000
-0.000000 1.000000 0.000000
1.000000 1.000000 1.000000 1.000000
1.320000 0.330000

250.000000 -500.000000 -50.000000
-0.000000 1.000000 0.000000
1.000000 1.000000 1.000000 1.000000
1.650000 0.330000

300.000000 -500.000000 -50.000000
-0.000000 1.000000 0.000000
1.000000 1.000000 1.000000 1.000000
1.980000 0.330000

350.000000 -500.000000 -50.000000
-0.000000 1.000000 0.000000
1.000000 1.000000 1.000000 1.000000
2.310000 0.330000

400.000000 -500.000000 -50.000000
-0.000000 1.000000 0.000000
1.000000 1.000000 1.000000 1.000000
2.640000 0.330000

450.000000 -500.000000 -50.000000
-0.000000 1.000000 0.000000
1.000000 1.000000 1.000000 1.000000
2.970000 0.330000

500.000000 -500.000000 -50.000000
0.000000 1.000000 0.000000
1.000000 1.000000 1.000000 1.000000
3.300000 0.330000

0.000000 -500.000000 -100.000000
0.000000 1.000000 0.000000
1.000000 1.000000 1.000000 1.000000
0.000000 0.660000

50.000000 -500.000000 -100.000000
-0.000000 1.000000 0.000000
1.000000 1.000000 1.000000 1.000000
0.330000 0.660000

100.000000 -500.000000 -100.000000
0.000000 1.000000 0.000000
1.000000 1.000000 1.000000 1.000000
0.660000 0.660000

150.000000 -500.000000 -100.000000
0.000000 1.000000 0.000000
1.000000 1.000000 1.000000 1.000000
0.990000 0.660000

200.000000 -500.000000 -100.000000
0.000000 1.000000 0.000000
1.000000 1.000000 1.000000 1.000000
1.320000 0.660000

250.000000 -500.000000 -100.000000
0.000000 1.000000 0.000000
1.000000 1.000000 1.000000 1.000000
1.650000 0.660000

300.000000 -500.000000 -100.000000
0.000000 1.000000 0.000000
1.000000 1.000000 1.000000 1.000000
1.980000 0.660000

350.000000 -500.000000 -100.000000
0.000000 1.000000 0.000000
1.000000 1.000000 1.000000 1.000000
2.310000 0.660000

400.000000 -500.000000 -100.000000
0.000000 1.000000 0.000000
1.000000 1.000000 1.000000 1.000000
2.640000 0.660000

450.000000 -500.000000 -100.000000
0.000000 1.000000 0.000000
1.000000 1.000000 1.000000 1.000000
2.970000 0.660000

500.000000 -500.000000 -100.000000
-0.000000 1.000000 0.000000
1.000000 1.000000 1.000000 1.000000
3.300000 0.660000

0.000000 -500.000000 -150.000000
-0.000000 1.000000 0.000000
1.000000 1.000000 1.000000 1.000000
0.000000 0.990000

50.000000 -500.000000 -150.000000
-0.000000 1.000000 0.000000
1.000000 1.000000 1.000000 1.000000
0.330000 0.990000

100.000000 -500.000000 -150.000000
-0.000000 1.000000 0.000000
1.000000 1.000000 1.000000 1.000000
0.660000 0.990000

150.000000 -500.000000 -150.000000
-0.000000 1.000000 0.000000
1.000000 1.000000 1.000000 1.000000
0.990000 0.990000

200.000000 -500.000000 -150.000000
-0.000000 1.000000 0.000000
1.000000 1.000000 1.000000 1.000000
1.320000 0.990000

250.000000 -500.000000 -150.000000
-0.000000 1.000000 0.000000
1.000000 1.000000 1.000000 1.000000
1.650000 0.990000

300.000000 -500.000000 -150.000000
-0.000000 1.000000 0.000000
1.000000 1.000000 1.000000 1.000000
1.980000 0.990000

350.000000 -500.000000 -150.000000
-0.000000 1.000000 0.000000
1.000000 1.000000 1.000000 1.000000
2.310000 0.990000

400.000000 -500.000000 -150.000000
-0.000000 1.000000 0.000000
1.000000 1.000000 1.000000 1.000000
2.640000 0.990000

450.000000 -500.000000 -150.000000
-0.000000 1.000000 0.000000
1.000000 1.000000 1.000000 1.000000
2.970000 0.990000

500.000000 -500.000000 -150.000000
0.000000 1.000000 0.000000
1.000000 1.000000 1.000000 1.000000
3.300000 0.990000

0.000000 -500.000000 -200.000000
0.000000 1.000000 0.000000
1.000000 1.000000 1.000000 1.000000
0.000000 1.320000

50.000000 -500.000000 -200.000000
0.000000 1.000000 0.000000
1.000000 1.000000 1.000000 1.000000
0.330000 1.320000

100.000000 -500.000000 -200.000000
0.000000 1.000000 0.000000
1.000000 1.000000 1.000000 1.000000
0.660000 1.320000

150.000000 -500.000000 -200.000000
0.000000 1.000000 0.000000
1.000000 1.000000 1.000000 1.000000
0.990000 1.320000

200.000000 -500.000000 -200.000000
0.000000 1.000000 0.000000
1.000000 1.000000 1.000000 1.000000
1.320000 1.320000

250.000000 -500.000000 -200.000000
0.000000 1.000000 0.000000
1.000000 1.000000 1.000000 1.000000
1.650000 1.320000

300.000000 -500.000000 -200.000000
0.000000 1.000000 0.000000
1.000000 1.000000 1.000000 1.000000
1.980000 1.320000

350.000000 -500.000000 -200.000000
0.000000 1.000000 0.000000
1.000000 1.000000 1.000000 1.000000
2.310000 1.320000

400.000000 -500.000000 -200.000000
0.000000 1.000000 0.000000
1.000000 1.000000 1.000000 1.000000
2.640000 1.320000

450.000000 -500.000000 -200.000000
0.000000 1.000000 0.000000
1.000000 1.000000 1.000000 1.000000
2.970000 1.320000

500.000000 -500.000000 -200.000000
-0.000000 1.000000 0.000000
1.000000 1.000000 1.000000 1.000000
3.300000 1.320000

0.000000 -500.000000 -250.000000
-0.000000 1.000000 0.000000
1.000000 1.000000 1.000000 1.000000
0.000000 1.650000

50.000000 -500.000000 -250.000000
-0.000000 1.000000 0.000000
1.000000 1.000000 1.000000 1.000000
0.330000 1.650000

100.000000 -500.000000 -250.000000
-0.000000 1.000000 0.000000
1.000000 1.000000 1.000000 1.000000
0.660000 1.650000

150.000000 -500.000000 -250.000000
-0.000000 1.000000 0.000000
1.000000 1.000000 1.000000 1.000000
0.990000 1.650000

200.000000 -500.000000 -250.000000
-0.000000 1.000000 0.000000
1.000000 1.000000 1.000000 1.000000
1.320000 1.650000

250.000000 -500.000000 -250.000000
-0.000000 1.000000 0.000000
1.000000 1.000000 1.000000 1.000000
1.650000 1.650000

300.000000 -500.000000 -250.000000
-0.000000 1.000000 0.000000
1.000000 1.000000 1.000000 1.000000
1.980000 1.650000

350.000000 -500.000000 -250.000000
-0.000000 1.000000 0.000000
1.000000 1.000000 1.000000 1.000000
2.310000 1.650000

400.000000 -500.000000 -250.000000
-0.000000 1.000000 0.000000
1.000000 1.000000 1.000000 1.000000
2.640000 1.650000

450.000000 -500.000000 -250.000000
-0.000000 1.000000 0.000000
1.000000 1.000000 1.000000 1.000000
2.970000 1.650000

500.000000 -500.000000 -250.000000
0.000000 1.000000 0.000000
1.000000 1.000000 1.000000 1.000000
3.300000 1.650000

0.000000 -500.000000 -300.000000
0.000000 0.821428 0.570312
1.000000 1.000000 1.000000 1.000000
0.000000 1.980000

50.000000 -500.000000 -300.000000
0.000000 0.901303 0.433189
1.000000 1.000000 1.000000 1.000000
0.330000 1.980000

100.000000 -500.000000 -300.000000
0.000000 0.901303 0.433189
1.000000 1.000000 1.000000 1.000000
0.660000 1.980000

150.000000 -500.000000 -300.000000
0.000000 0.901303 0.433189
1.000000 1.000000 1.000000 1.000000
0.990000 1.980000

200.000000 -500.000000 -300.000000
0.000000 0.901303 0.433189
1.000000 1.000000 1.000000 1.000000
1.320000 1.980000

250.000000 -500.000000 -300.000000
0.000000 0.901303 0.433189
1.000000 1.000000 1.000000 1.000000
1.650000 1.980000

300.000000 -500.000000 -300.000000
0.000000 0.901303 0.433189
1.000000 1.000000 1.000000 1.000000
1.980000 1.980000

350.000000 -500.000000 -300.000000
0.000000 0.901303 0.433189
1.000000 1.000000 1.000000 1.000000
2.310000 1.980000

400.000000 -500.000000 -300.000000
0.000000 0.901303 0.433189
1.000000 1.000000 1.000000 1.000000
2.640000 1.980000

450.000000 -500.000000 -300.000000
0.000000 0.901303 0.433189
1.000000 1.000000 1.000000 1.000000
2.970000 1.980000

500.000000 -500.000000 -300.000000
0.000000 0.958481 0.285156
1.000000 1.000000 1.000000 1.000000
3.300000 1.980000

0.000000 -250.000000 -500.000000
0.000000 0.624695 0.780869
1.000000 1.000000 1.000000 1.000000
0.000000 2.310000

50.000000 -250.000000 -500.000000
0.000000 0.624695 0.780869
1.000000 1.000000 1.000000 1.000000
0.330000 2.310000

100.000000 -250.000000 -500.000000
0.000000 0.624695 0.780869
1.000000 1.000000 1.000000 1.000000
0.660000 2.310000

150.000000 -250.000000 -500.000000
0.000000 0.624695 0.780869
1.000000 1.000000 1.000000 1.000000
0.990000 2.310000

200.000000 -250.000000 -500.000000
0.000000 0.624695 0.780869
1.000000 1.000000 1.000000 1.000000
1.320000 2.310000

250.000000 -250.000000 -500.000000
0.000000 0.624695 0.780869
1.000000 1.000000 1.000000 1.000000
1.650000 2.310000

300.000000 -250.000000 -500.000000
0.000000 0.624695 0.780869
1.000000 1.000000 1.000000 1.000000
1.980000 2.310000

350.000000 -250.000000 -500.000000
0.000000 0.624695 0.780869
1.000000 1.000000 1.000000 1.000000
2.310000 2.310000

400.000000 -250.000000 -500.000000
0.000000 0.624695 0.780869
1.000000 1.000000 1.000000 1.000000
2.640000 2.310000

450.000000 -250.000000 -500.000000
0.000000 0.624695 0.780869
1.000000 1.000000 1.000000 1.000000
2.970000 2.310000

500.000000 -250.000000 -500.000000
0.000000 0.624695 0.780869
1.000000 1.000000 1.000000 1.000000
3.300000 2.310000

0.000000 0.000000 -700.000000
0.000000 0.958481 0.285156
1.000000 1.000000 1.000000 1.000000
0.000000 2.640000

50.000000 0.000000 -700.000000
0.000000 0.901303 0.433189
1.000000 1.000000 1.000000 1.000000
0.330000 2.640000

100.000000 0.000000 -700.000000
0.000000 0.901303 0.433189
1.000000 1.000000 1.000000 1.000000
0.660000 2.640000

150.000000 0.000000 -700.000000
0.000000 0.901303 0.433189
1.000000 1.000000 1.000000 1.000000
0.990000 2.640000

200.000000 0.000000 -700.000000
0.000000 0.901303 0.433189
1.000000 1.000000 1.000000 1.000000
1.320000 2.640000

250.000000 0.000000 -700.000000
0.000000 0.901303 0.433189
1.000000 1.000000 1.000000 1.000000
1.650000 2.640000

300.000000 0.000000 -700.000000
0.000000 0.901303 0.433189
1.000000 1.000000 1.000000 1.000000
1.980000 2.640000

350.000000 0.000000 -700.000000
0.000000 0.901303 0.433189
1.000000 1.000000 1.000000 1.000000
2.310000 2.640000

400.000000 0.000000 -700.000000
0.000000 0.901303 0.433189
1.000000 1.000000 1.000000 1.000000
2.640000 2.640000

450.000000 0.000000 -700.000000
0.000000 0.901303 0.433189
1.000000 1.000000 1.000000 1.000000
2.970000 2.640000

500.000000 0.000000 -700.000000
0.000000 0.821428 0.570312
1.000000 1.000000 1.000000 1.000000
3.300000 2.640000

0.000000 0.000000 -750.000000
-0.000000 1.000000 0.000000
1.000000 1.000000 1.000000 1.000000
0.000000 2.970000

50.000000 0.000000 -750.000000
-0.000000 1.000000 0.000000
1.000000 1.000000 1.000000 1.000000
0.330000 2.970000

100.000000 0.000000 -750.000000
0.000000 1.000000 0.000000
1.000000 1.000000 1.000000 1.000000
0.660000 2.970000

150.000000 0.000000 -750.000000
0.000000 1.000000 0.000000
1.000000 1.000000 1.000000 1.000000
0.990000 2.970000

200.000000 0.000000 -750.000000
0.000000 1.000000 0.000000
1.000000 1.000000 1.000000 1.000000
1.320000 2.970000

250.000000 0.000000 -750.000000
0.000000 1.000000 0.000000
1.000000 1.000000 1.000000 1.000000
1.650000 2.970000

300.000000 0.000000 -750.000000
0.000000 1.000000 0.000000
1.000000 1.000000 1.000000 1.000000
1.980000 2.970000

350.000000 0.000000 -750.000000
0.000000 1.000000 0.000000
1.000000 1.000000 1.000000 1.000000
2.310000 2.970000

400.000000 0.000000 -750.000000
0.000000 1.000000 0.000000
1.000000 1.000000 1.000000 1.000000
2.640000 2.970000

450.000000 0.000000 -750.000000
0.000000 1.000000 0.000000
1.000000 1.000000 1.000000 1.000000
2.970000 2.970000

500.000000 0.000000 -750.000000
0.000000 1.000000 0.000000
1.000000 1.000000 1.000000 1.000000
3.300000 2.970000

0.000000 0.000000 -800.000000
-0.000000 1.000000 0.000000
1.000000 1.000000 1.000000 1.000000
0.000000 3.300000

50.000000 0.000000 -800.000000
-0.000000 1.000000 0.000000
1.000000 1.000000 1.000000 1.000000
0.330000 3.300000

100.000000 0.000000 -800.000000
0.000000 1.000000 0.000000
1.000000 1.000000 1.000000 1.000000
0.660000 3.300000

150.000000 0.000000 -800.000000
0.000000 1.000000 0.000000
1.000000 1.000000 1.000000 1.000000
0.990000 3.300000

200.000000 0.000000 -800.000000
0.000000 1.000000 0.000000
1.000000 1.000000 1.000000 1.000000
1.320000 3.300000

250.000000 0.000000 -800.000000
0.000000 1.000000 0.000000
1.000000 1.000000 1.000000 1.000000
1.650000 3.300000

300.000000 0.000000 -800.000000
0.000000 1.000000 0.000000
1.000000 1.000000 1.000000 1.000000
1.980000 3.300000

350.000000 0.000000 -800.000000
0.000000 1.000000 0.000000
1.000000 1.000000 1.000000 1.000000
2.310000 3.300000

400.000000 0.000000 -800.000000
0.000000 1.000000 0.000000
1.000000 1.000000 1.000000 1.000000
2.640000 3.300000

450.000000 0.000000 -800.000000
0.000000 1.000000 0.000000
1.000000 1.000000 1.000000 1.000000
2.970000 3.300000

500.000000 0.000000 -800.000000
0.000000 1.000000 0.000000
1.000000 1.000000 1.000000 1.000000
3.300000 3.300000

0.000000 0.000000 -850.000000
-0.000000 1.000000 0.000000
1.000000 1.000000 1.000000 1.000000
0.000000 3.630000

50.000000 0.000000 -850.000000
-0.000000 1.000000 0.000000
1.000000 1.000000 1.000000 1.000000
0.330000 3.630000

100.000000 0.000000 -850.000000
0.000000 1.000000 0.000000
1.000000 1.000000 1.000000 1.000000
0.660000 3.630000

150.000000 0.000000 -850.000000
0.000000 1.000000 0.000000
1.000000 1.000000 1.000000 1.000000
0.990000 3.630000

200.000000 0.000000 -850.000000
0.000000 1.000000 0.000000
1.000000 1.000000 1.000000 1.000000
1.320000 3.630000

250.000000 0.000000 -850.000000
0.000000 1.000000 0.000000
1.000000 1.000000 1.000000 1.000000
1.650000 3.630000

300.000000 0.000000 -850.000000
0.000000 1.000000 0.000000
1.000000 1.000000 1.000000 1.000000
1.980000 3.630000

350.000000 0.000000 -850.000000
0.000000 1.000000 0.000000
1.000000 1.000000 1.000000 1.000000
2.310000 3.630000

400.000000 0.000000 -850.000000
0.000000 1.000000 0.000000
1.000000 1.000000 1.000000 1.000000
2.640000 3.630000

450.000000 0.000000 -850.000000
0.000000 1.000000 0.000000
1.000000 1.000000 1.000000 1.000000
2.970000 3.630000

500.000000 0.000000 -850.000000
0.000000 1.000000 0.000000
1.000000 1.000000 1.000000 1.000000
3.300000 3.630000

0.000000 0.000000 -900.000000
-0.000000 1.000000 0.000000
1.000000 1.000000 1.000000 1.000000
0.000000 3.960000

50.000000 0.000000 -900.000000
-0.000000 1.000000 0.000000
1.000000 1.000000 1.000000 1.000000
0.330000 3.960000

100.000000 0.000000 -900.000000
0.000000 1.000000 0.000000
1.000000 1.000000 1.000000 1.000000
0.660000 3.960000

150.000000 0.000000 -900.000000
0.000000 1.000000 0.000000
1.000000 1.000000 1.000000 1.000000
0.990000 3.960000

200.000000 0.000000 -900.000000
0.000000 1.000000 0.000000
1.000000 1.000000 1.000000 1.000000
1.320000 3.960000

250.000000 0.000000 -900.000000
0.000000 1.000000 0.000000
1.000000 1.000000 1.000000 1.000000
1.650000 3.960000

300.000000 0.000000 -900.000000
0.000000 1.000000 0.000000
1.000000 1.000000 1.000000 1.000000
1.980000 3.960000

350.000000 0.000000 -900.000000
0.000000 1.000000 0.000000
1.000000 1.000000 1.000000 1.000000
2.310000 3.960000

400.000000 0.000000 -900.000000
0.000000 1.000000 0.000000
1.000000 1.000000 1.000000 1.000000
2.640000 3.960000

450.000000 0.000000 -900.000000
0.000000 1.000000 0.000000
1.000000 1.000000 1.000000 1.000000
2.970000 3.960000

500.000000 0.000000 -900.000000
0.000000 1.000000 0.000000
1.000000 1.000000 1.000000 1.000000
3.300000 3.960000

0.000000 0.000000 -950.000000
-0.000000 1.000000 0.000000
1.000000 1.000000 1.000000 1.000000
0.000000 4.290000

50.000000 0.000000 -950.000000
-0.000000 1.000000 0.000000
1.000000 1.000000 1.000000 1.000000
0.330000 4.290000

100.000000 0.000000 -950.000000
0.000000 1.000000 0.000000
1.000000 1.000000 1.000000 1.000000
0.660000 4.290000

150.000000 0.000000 -950.000000
0.000000 1.000000 0.000000
1.000000 1.000000 1.000000 1.000000
0.990000 4.290000

200.000000 0.000000 -950.000000
0.000000 1.000000 0.000000
1.000000 1.000000 1.000000 1.000000
1.320000 4.290000

250.000000 0.000000 -950.000000
0.000000 1.000000 0.000000
1.000000 1.000000 1.000000 1.000000
1.650000 4.290000

300.000000 0.000000 -950.000000
0.000000 1.000000 0.000000
1.000000 1.000000 1.000000 1.000000
1.980000 4.290000

350.000000 0.000000 -950.000000
0.000000 1.000000 0.000000
1.000000 1.000000 1.000000 1.000000
2.310000 4.290000

400.000000 0.000000 -950.000000
0.000000 1.000000 0.000000
1.000000 1.000000 1.000000 1.000000
2.640000 4.290000

450.000000 0.000000 -950.000000
0.000000 1.000000 0.000000
1.000000 1.000000 1.000000 1.000000
2.970000 4.290000

500.000000 0.000000 -950.000000
0.000000 1.000000 0.000000
1.000000 1.000000 1.000000 1.000000
3.300000 4.290000

0.000000 0.000000 -1000.000000
-0.000000 1.000000 0.000000
1.000000 1.000000 1.000000 1.000000
0.000000 4.620000

50.000000 0.000000 -1000.000000
-0.000000 1.000000 0.000000
1.000000 1.000000 1.000000 1.000000
0.330000 4.620000

100.000000 0.000000 -1000.000000
0.000000 1.000000 0.000000
1.000000 1.000000 1.000000 1.000000
0.660000 4.620000

150.000000 0.000000 -1000.000000
0.000000 1.000000 0.000000
1.000000 1.000000 1.000000 1.000000
0.990000 4.620000

200.000000 0.000000 -1000.000000
0.000000 1.000000 0.000000
1.000000 1.000000 1.000000 1.000000
1.320000 4.620000

250.000000 0.000000 -1000.000000
0.000000 1.000000 0.000000
1.000000 1.000000 1.000000 1.000000
1.650000 4.620000

300.000000 0.000000 -1000.000000
0.000000 1.000000 0.000000
1.000000 1.000000 1.000000 1.000000
1.980000 4.620000

350.000000 0.000000 -1000.000000
0.000000 1.000000 0.000000
1.000000 1.000000 1.000000 1.000000
2.310000 4.620000

400.000000 0.000000 -1000.000000
0.000000 1.000000 0.000000
1.000000 1.000000 1.000000 1.000000
2.640000 4.620000

450.000000 0.000000 -1000.000000
0.000000 1.000000 0.000000
1.000000 1.000000 1.000000 1.000000
2.970000 4.620000

500.000000 0.000000 -1000.000000
0.000000 1.000000 0.000000
1.000000 1.000000 1.000000 1.000000
3.300000 4.620000

0.000000 0.000000 -1050.000000
-0.000000 1.000000 0.000000
1.000000 1.000000 1.000000 1.000000
0.000000 4.950000

50.000000 0.000000 -1050.000000
-0.000000 1.000000 0.000000
1.000000 1.000000 1.000000 1.000000
0.330000 4.950000

100.000000 0.000000 -1050.000000
0.000000 1.000000 0.000000
1.000000 1.000000 1.000000 1.000000
0.660000 4.950000

150.000000 0.000000 -1050.000000
0.000000 1.000000 0.000000
1.000000 1.000000 1.000000 1.000000
0.990000 4.950000

200.000000 0.000000 -1050.000000
0.000000 1.000000 0.000000
1.000000 1.000000 1.000000 1.000000
1.320000 4.950000

250.000000 0.000000 -1050.000000
0.000000 1.000000 0.000000
1.000000 1.000000 1.000000 1.000000
1.650000 4.950000

300.000000 0.000000 -1050.000000
0.000000 1.000000 0.000000
1.000000 1.000000 1.000000 1.000000
1.980000 4.950000

350.000000 0.000000 -1050.000000
0.000000 1.000000 0.000000
1.000000 1.000000 1.000000 1.000000
2.310000 4.950000

400.000000 0.000000 -1050.000000
0.000000 1.000000 0.000000
1.000000 1.000000 1.000000 1.000000
2.640000 4.950000

450.000000 0.000000 -1050.000000
0.000000 1.000000 0.000000
1.000000 1.000000 1.000000 1.000000
2.970000 4.950000

500.000000 0.000000 -1050.000000
0.000000 1.000000 0.000000
1.000000 1.000000 1.000000 1.000000
3.300000 4.950000

0.000000 0.000000 -1100.000000
-0.000000 1.000000 0.000000
1.000000 1.000000 1.000000 1.000000
0.000000 5.280000

50.000000 0.000000 -1100.000000
-0.000000 1.000000 0.000000
1.000000 1.000000 1.000000 1.000000
0.330000 5.280000

100.000000 0.000000 -1100.000000
0.000000 1.000000 0.000000
1.000000 1.000000 1.000000 1.000000
0.660000 5.280000

150.000000 0.000000 -1100.000000
0.000000 1.000000 0.000000
1.000000 1.000000 1.000000 1.000000
0.990000 5.280000

200.000000 0.000000 -1100.000000
0.000000 1.000000 0.000000
1.000000 1.000000 1.000000 1.000000
1.320000 5.280000

250.000000 0.000000 -1100.000000
0.000000 1.000000 0.000000
1.000000 1.000000 1.000000 1.000000
1.650000 5.280000

300.000000 0.000000 -1100.000000
0.000000 1.000000 0.000000
1.000000 1.000000 1.000000 1.000000
1.980000 5.280000

350.000000 0.000000 -1100.000000
0.000000 1.000000 0.000000
1.000000 1.000000 1.000000 1.000000
2.310000 5.280000

400.000000 0.000000 -1100.000000
0.000000 1.000000 0.000000
1.000000 1.000000 1.000000 1.000000
2.640000 5.280000

450.000000 0.000000 -1100.000000
0.000000 1.000000 0.000000
1.000000 1.000000 1.000000 1.000000
2.970000 5.280000

500.000000 0.000000 -1100.000000
0.000000 1.000000 0.000000
1.000000 1.000000 1.000000 1.000000
3.300000 5.280000

0.000000 0.000000 -1150.000000
-0.000000 1.000000 0.000000
1.000000 1.000000 1.000000 1.000000
0.000000 5.610000

50.000000 0.000000 -1150.000000
-0.000000 1.000000 0.000000
1.000000 1.000000 1.000000 1.000000
0.330000 5.610000

100.000000 0.000000 -1150.000000
0.000000 1.000000 0.000000
1.000000 1.000000 1.000000 1.000000
0.660000 5.610000

150.000000 0.000000 -1150.000000
0.000000 1.000000 0.000000
1.000000 1.000000 1.000000 1.000000
0.990000 5.610000

200.000000 0.000000 -1150.000000
0.000000 1.000000 0.000000
1.000000 1.000000 1.000000 1.000000
1.320000 5.610000

250.000000 0.000000 -1150.000000
0.000000 1.000000 0.000000
1.000000 1.000000 1.000000 1.000000
1.650000 5.610000

300.000000 0.000000 -1150.000000
0.000000 1.000000 0.000000
1.000000 1.000000 1.000000 1.000000
1.980000 5.610000

350.000000 0.000000 -1150.000000
0.000000 1.000000 0.000000
1.000000 1.000000 1.000000 1.000000
2.310000 5.610000

400.000000 0.000000 -1150.000000
0.000000 1.000000 0.000000
1.000000 1.000000 1.000000 1.000000
2.640000 5.610000

450.000000 0.000000 -1150.000000
0.000000 1.000000 0.000000
1.000000 1.000000 1.000000 1.000000
2.970000 5.610000

500.000000 0.000000 -1150.000000
0.000000 1.000000 0.000000
1.000000 1.000000 1.000000 1.000000
3.300000 5.610000

0.000000 0.000000 -1200.000000
-0.000000 1.000000 0.000000
1.000000 1.000000 1.000000 1.000000
0.000000 5.940000

50.000000 0.000000 -1200.000000
-0.000000 1.000000 0.000000
1.000000 1.000000 1.000000 1.000000
0.330000 5.940000

100.000000 0.000000 -1200.000000
0.000000 1.000000 0.000000
1.000000 1.000000 1.000000 1.000000
0.660000 5.940000

150.000000 0.000000 -1200.000000
0.000000 1.000000 0.000000
1.000000 1.000000 1.000000 1.000000
0.990000 5.940000

200.000000 0.000000 -1200.000000
0.000000 1.000000 0.000000
1.000000 1.000000 1.000000 1.000000
1.320000 5.940000

250.000000 0.000000 -1200.000000
0.000000 1.000000 0.000000
1.000000 1.000000 1.000000 1.000000
1.650000 5.940000

300.000000 0.000000 -1200.000000
0.000000 1.000000 0.000000
1.000000 1.000000 1.000000 1.000000
1.980000 5.940000

350.000000 0.000000 -1200.000000
0.000000 1.000000 0.000000
1.000000 1.000000 1.000000 1.000000
2.310000 5.940000

400.000000 0.000000 -1200.000000
0.000000 1.000000 0.000000
1.000000 1.000000 1.000000 1.000000
2.640000 5.940000

450.000000 0.000000 -1200.000000
0.000000 1.000000 0.000000
1.000000 1.000000 1.000000 1.000000
2.970000 5.940000

500.000000 0.000000 -1200.000000
0.000000 1.000000 0.000000
1.000000 1.000000 1.000000 1.000000
3.300000 5.940000

0.000000 0.000000 -1250.000000
0.000000 0.447214 -0.894427
1.000000 1.000000 1.000000 1.000000
0.000000 6.270000

50.000000 0.000000 -1250.000000
0.000000 0.707107 -0.707107
1.000000 1.000000 1.000000 1.000000
0.330000 6.270000

100.000000 0.000000 -1250.000000
0.000000 0.707107 -0.707107
1.000000 1.000000 1.000000 1.000000
0.660000 6.270000

150.000000 0.000000 -1250.000000
0.000000 0.707107 -0.707107
1.000000 1.000000 1.000000 1.000000
0.990000 6.270000

200.000000 0.000000 -1250.000000
0.000000 0.707107 -0.707107
1.000000 1.000000 1.000000 1.000000
1.320000 6.270000

250.000000 0.000000 -1250.000000
0.000000 0.707107 -0.707107
1.000000 1.000000 1.000000 1.000000
1.650000 6.270000

300.000000 0.000000 -1250.000000
0.000000 0.707107 -0.707107
1.000000 1.000000 1.000000 1.000000
1.980000 6.270000

350.000000 0.000000 -1250.000000
0.000000 0.707107 -0.707107
1.000000 1.000000 1.000000 1.000000
2.310000 6.270000

400.000000 0.000000 -1250.000000
0.000000 0.707107 -0.707107
1.000000 1.000000 1.000000 1.000000
2.640000 6.270000

450.000000 0.000000 -1250.000000
0.000000 0.707107 -0.707107
1.000000 1.000000 1.000000 1.000000
2.970000 6.270000

500.000000 0.000000 -1250.000000
0.000000 0.894427 -0.447214
1.000000 1.000000 1.000000 1.000000
3.300000 6.270000

0.000000 -500.000000 -1250.000000
0.000000 0.000000 -1.000000
1.000000 1.000000 1.000000 1.000000
0.000000 9.341441

50.000000 -500.000000 -1250.000000
0.000000 0.000000 -1.000000
1.000000 1.000000 1.000000 1.000000
0.330000 9.341441

100.000000 -500.000000 -1250.000000
0.000000 0.000000 -1.000000
1.000000 1.000000 1.000000 1.000000
0.660000 9.341441

150.000000 -500.000000 -1250.000000
0.000000 0.000000 -1.000000
1.000000 1.000000 1.000000 1.000000
0.990000 9.341441

200.000000 -500.000000 -1250.000000
0.000000 0.000000 -1.000000
1.000000 1.000000 1.000000 1.000000
1.320000 9.341441

250.000000 -500.000000 -1250.000000
0.000000 0.000000 -1.000000
1.000000 1.000000 1.000000 1.000000
1.650000 9.341441

300.000000 -500.000000 -1250.000000
0.000000 0.000000 -1.000000
1.000000 1.000000 1.000000 1.000000
1.980000 9.341441

350.000000 -500.000000 -1250.000000
0.000000 0.000000 -1.000000
1.000000 1.000000 1.000000 1.000000
2.310000 9.341441

400.000000 -500.000000 -1250.000000
0.000000 0.000000 -1.000000
1.000000 1.000000 1.000000 1.000000
2.640000 9.341441

450.000000 -500.000000 -1250.000000
0.000000 0.000000 -1.000000
1.000000 1.000000 1.000000 1.000000
2.970000 9.341441

500.000000 -500.000000 -1250.000000
0.000000 0.000000 -1.000000
1.000000 1.000000 1.000000 1.000000
3.300000 9.341441

