126 6 21

0.000000 -250.000000 -0.000000
-0.707107 0.000000 0.707107
1.000000 1.000000 1.000000 1.000000
-1.782027 0.000000

50.000000 -250.000000 -0.000000
0.000000 0.000000 1.000000
1.000000 1.000000 1.000000 1.000000
1.000000 0.000000

100.000000 -250.000000 -0.000000
0.000000 0.000000 1.000000
1.000000 1.000000 1.000000 1.000000
2.000000 0.000000

150.000000 -250.000000 -0.000000
0.000000 0.000000 1.000000
1.000000 1.000000 1.000000 1.000000
3.000000 0.000000

200.000000 -250.000000 -0.000000
0.000000 0.000000 1.000000
1.000000 1.000000 1.000000 1.000000
4.000000 0.000000

250.000000 -250.000000 -0.000000
0.000000 0.000000 1.000000
1.000000 1.000000 1.000000 1.000000
5.000000 0.000000

300.000000 -250.000000 -0.000000
0.000000 0.000000 1.000000
1.000000 1.000000 1.000000 1.000000
6.000000 0.000000

350.000000 -250.000000 -0.000000
0.000000 0.000000 1.000000
1.000000 1.000000 1.000000 1.000000
7.000000 0.000000

400.000000 -250.000000 -0.000000
0.000000 0.000000 1.000000
1.000000 1.000000 1.000000 1.000000
8.000000 0.000000

500.000000 -250.000000 -0.000000
0.000000 0.000000 1.000000
1.000000 1.000000 1.000000 1.000000
9.000000 0.000000

500.000000 -250.000000 -0.000000
0.000000 0.000000 1.000000
1.000000 1.000000 1.000000 1.000000
10.000000 0.000000

550.000000 -250.000000 -0.000000
0.000000 0.000000 1.000000
1.000000 1.000000 1.000000 1.000000
11.000000 0.000000

600.000000 -250.000000 -0.000000
0.000000 0.000000 1.000000
1.000000 1.000000 1.000000 1.000000
12.000000 0.000000

650.000000 -250.000000 -0.000000
0.000000 0.000000 1.000000
1.000000 1.000000 1.000000 1.000000
13.000000 0.000000

700.000000 -250.000000 -0.000000
0.000000 0.000000 1.000000
1.000000 1.000000 1.000000 1.000000
14.000000 0.000000

750.000000 -250.000000 -0.000000
0.000000 0.000000 1.000000
1.000000 1.000000 1.000000 1.000000
15.000000 0.000000

800.000000 -250.000000 -0.000000
0.000000 0.000000 1.000000
1.000000 1.000000 1.000000 1.000000
16.000000 0.000000

850.000000 -250.000000 -0.000000
0.000000 0.000000 1.000000
1.000000 1.000000 1.000000 1.000000
17.000000 0.000000

900.000000 -250.000000 -0.000000
0.000000 0.000000 1.000000
1.000000 1.000000 1.000000 1.000000
18.000000 0.000000

950.000000 -250.000000 -0.000000
0.000000 0.000000 1.000000
1.000000 1.000000 1.000000 1.000000
19.000000 0.000000

1000.000000 -250.000000 -0.000000
0.000000 1.000000 0.000000
1.000000 1.000000 1.000000 1.000000
20.000000 0.000000

0.000000 -250.000000 -50.000000
-1.000000 0.000000 0.000000
1.000000 1.000000 1.000000 1.000000
-1.782027 1.000000

0.000000 0.000000 -0.000000
-0.577350 0.577350 0.577350
1.000000 1.000000 1.000000 1.000000
0.381008 1.000000

100.000000 0.000000 -0.000000
0.000000 0.707107 0.707107
1.000000 1.000000 1.000000 1.000000
2.000000 1.000000

150.000000 0.000000 -0.000000
0.000000 0.707107 0.707107
1.000000 1.000000 1.000000 1.000000
3.000000 1.000000

200.000000 0.000000 -0.000000
0.000000 0.707107 0.707107
1.000000 1.000000 1.000000 1.000000
4.000000 1.000000

250.000000 0.000000 -0.000000
0.000000 0.707107 0.707107
1.000000 1.000000 1.000000 1.000000
5.000000 1.000000

300.000000 0.000000 -0.000000
0.000000 0.707107 0.707107
1.000000 1.000000 1.000000 1.000000
6.000000 1.000000

350.000000 0.000000 -0.000000
0.000000 0.707107 0.707107
1.000000 1.000000 1.000000 1.000000
7.000000 1.000000

400.000000 0.000000 -0.000000
0.000000 0.707107 0.707107
1.000000 1.000000 1.000000 1.000000
7.722020 1.000000

500.000000 0.000000 -0.000000
0.000000 0.447214 0.894427
1.000000 1.000000 1.000000 1.000000
9.321130 1.000000

500.000000 0.000000 -0.000000
0.000000 0.894427 0.447214
1.000000 1.000000 1.000000 1.000000
10.000000 1.000000

550.000000 0.000000 -0.000000
-0.000000 0.707107 0.707107
1.000000 1.000000 1.000000 1.000000
11.000000 1.000000

600.000000 0.000000 -0.000000
-0.000000 0.707107 0.707107
1.000000 1.000000 1.000000 1.000000
12.000000 1.000000

650.000000 0.000000 -0.000000
-0.000000 0.707107 0.707107
1.000000 1.000000 1.000000 1.000000
13.000000 1.000000

700.000000 0.000000 -0.000000
-0.000000 0.707107 0.707107
1.000000 1.000000 1.000000 1.000000
14.000000 1.000000

750.000000 0.000000 -0.000000
-0.000000 0.707107 0.707107
1.000000 1.000000 1.000000 1.000000
15.000000 1.000000

800.000000 0.000000 -0.000000
-0.000000 0.707107 0.707107
1.000000 1.000000 1.000000 1.000000
16.000000 1.000000

850.000000 0.000000 -0.000000
-0.000000 0.707107 0.707107
1.000000 1.000000 1.000000 1.000000
17.000000 1.000000

900.000000 0.000000 -0.000000
-0.000000 0.707107 0.707107
1.000000 1.000000 1.000000 1.000000
18.000000 1.000000

1000.000000 0.000000 -0.000000
0.534522 0.267261 0.801784
1.000000 1.000000 1.000000 1.000000
19.497726 1.000000

1000.000000 -250.000000 -0.000000
0.707107 0.000000 0.707107
1.000000 1.000000 1.000000 1.000000
21.398682 1.000000

0.000000 -250.000000 -100.000000
-1.000000 0.000000 0.000000
1.000000 1.000000 1.000000 1.000000
-1.782027 2.178987

0.000000 0.000000 -100.000000
-0.707107 0.707107 0.000000
1.000000 1.000000 1.000000 1.000000
0.381008 2.178987

100.000000 0.000000 -100.000000
0.000000 1.000000 0.000000
1.000000 1.000000 1.000000 1.000000
2.000000 2.178987

150.000000 0.000000 -100.000000
0.000000 1.000000 0.000000
1.000000 1.000000 1.000000 1.000000
3.000000 2.178987

200.000000 0.000000 -100.000000
0.000000 1.000000 0.000000
1.000000 1.000000 1.000000 1.000000
4.000000 2.178987

250.000000 0.000000 -100.000000
0.000000 1.000000 0.000000
1.000000 1.000000 1.000000 1.000000
5.000000 2.178987

300.000000 0.000000 -100.000000
0.000000 1.000000 0.000000
1.000000 1.000000 1.000000 1.000000
6.000000 2.178987

350.000000 0.000000 -100.000000
0.000000 1.000000 0.000000
1.000000 1.000000 1.000000 1.000000
7.000000 2.178987

400.000000 0.000000 -100.000000
0.000000 1.000000 0.000000
1.000000 1.000000 1.000000 1.000000
7.722020 2.178987

500.000000 0.000000 -100.000000
0.000000 1.000000 0.000000
1.000000 1.000000 1.000000 1.000000
9.321130 2.178987

500.000000 0.000000 -100.000000
0.000000 1.000000 0.000000
1.000000 1.000000 1.000000 1.000000
10.000000 2.178987

550.000000 0.000000 -100.000000
0.000000 1.000000 0.000000
1.000000 1.000000 1.000000 1.000000
11.000000 2.178987

600.000000 0.000000 -100.000000
0.000000 1.000000 0.000000
1.000000 1.000000 1.000000 1.000000
12.000000 2.178987

650.000000 0.000000 -100.000000
0.000000 1.000000 0.000000
1.000000 1.000000 1.000000 1.000000
13.000000 2.178987

700.000000 0.000000 -100.000000
0.000000 1.000000 0.000000
1.000000 1.000000 1.000000 1.000000
14.000000 2.178987

750.000000 0.000000 -100.000000
0.000000 1.000000 0.000000
1.000000 1.000000 1.000000 1.000000
15.000000 2.178987

800.000000 0.000000 -100.000000
0.000000 1.000000 0.000000
1.000000 1.000000 1.000000 1.000000
16.000000 2.178987

850.000000 0.000000 -100.000000
0.000000 1.000000 0.000000
1.000000 1.000000 1.000000 1.000000
17.000000 2.178987

900.000000 0.000000 -100.000000
0.000000 1.000000 0.000000
1.000000 1.000000 1.000000 1.000000
18.000000 2.178987

1000.000000 0.000000 -100.000000
0.707107 0.707107 0.000000
1.000000 1.000000 1.000000 1.000000
19.497726 2.178987

1000.000000 -250.000000 -100.000000
1.000000 0.000000 -0.000000
1.000000 1.000000 1.000000 1.000000
21.398682 2.178987

0.000000 -250.000000 -150.000000
-1.000000 0.000000 0.000000
1.000000 1.000000 1.000000 1.000000
-1.782027 2.621027

0.000000 0.000000 -150.000000
-0.707107 0.707107 0.000000
1.000000 1.000000 1.000000 1.000000
0.381008 2.621027

100.000000 0.000000 -150.000000
-0.000000 1.000000 0.000000
1.000000 1.000000 1.000000 1.000000
2.000000 2.621027

150.000000 0.000000 -150.000000
0.000000 1.000000 0.000000
1.000000 1.000000 1.000000 1.000000
3.000000 2.621027

200.000000 0.000000 -150.000000
0.000000 1.000000 0.000000
1.000000 1.000000 1.000000 1.000000
4.000000 2.621027

250.000000 0.000000 -150.000000
0.000000 1.000000 0.000000
1.000000 1.000000 1.000000 1.000000
5.000000 2.621027

300.000000 0.000000 -150.000000
0.000000 1.000000 0.000000
1.000000 1.000000 1.000000 1.000000
6.000000 2.621027

350.000000 0.000000 -150.000000
0.000000 1.000000 0.000000
1.000000 1.000000 1.000000 1.000000
7.000000 2.621027

400.000000 0.000000 -150.000000
0.000000 1.000000 0.000000
1.000000 1.000000 1.000000 1.000000
7.722020 2.621027

500.000000 0.000000 -150.000000
0.000000 1.000000 0.000000
1.000000 1.000000 1.000000 1.000000
9.321130 2.621027

500.000000 0.000000 -150.000000
0.000000 1.000000 0.000000
1.000000 1.000000 1.000000 1.000000
10.000000 2.621027

550.000000 0.000000 -150.000000
-0.000000 1.000000 0.000000
1.000000 1.000000 1.000000 1.000000
11.000000 2.621027

600.000000 0.000000 -150.000000
-0.000000 1.000000 0.000000
1.000000 1.000000 1.000000 1.000000
12.000000 2.621027

650.000000 0.000000 -150.000000
-0.000000 1.000000 0.000000
1.000000 1.000000 1.000000 1.000000
13.000000 2.621027

700.000000 0.000000 -150.000000
-0.000000 1.000000 0.000000
1.000000 1.000000 1.000000 1.000000
14.000000 2.621027

750.000000 0.000000 -150.000000
-0.000000 1.000000 0.000000
1.000000 1.000000 1.000000 1.000000
15.000000 2.621027

800.000000 0.000000 -150.000000
-0.000000 1.000000 0.000000
1.000000 1.000000 1.000000 1.000000
16.000000 2.621027

850.000000 0.000000 -150.000000
-0.000000 1.000000 0.000000
1.000000 1.000000 1.000000 1.000000
17.000000 2.621027

900.000000 0.000000 -150.000000
-0.000000 1.000000 0.000000
1.000000 1.000000 1.000000 1.000000
18.000000 2.621027

1000.000000 0.000000 -150.000000
0.707107 0.707107 0.000000
1.000000 1.000000 1.000000 1.000000
19.497726 2.621027

1000.000000 -250.000000 -150.000000
1.000000 0.000000 -0.000000
1.000000 1.000000 1.000000 1.000000
21.398682 2.621027

0.000000 -250.000000 -250.000000
-1.000000 0.000000 0.000000
1.000000 1.000000 1.000000 1.000000
-1.782027 4.000000

0.000000 0.000000 -250.000000
-0.666667 0.333333 -0.666667
1.000000 1.000000 1.000000 1.000000
0.381008 4.000000

100.000000 0.000000 -250.000000
0.000000 0.707107 -0.707107
1.000000 1.000000 1.000000 1.000000
2.000000 4.000000

150.000000 0.000000 -250.000000
0.000000 0.707107 -0.707107
1.000000 1.000000 1.000000 1.000000
3.000000 4.000000

200.000000 0.000000 -250.000000
0.000000 0.707107 -0.707107
1.000000 1.000000 1.000000 1.000000
4.000000 4.000000

250.000000 0.000000 -250.000000
0.000000 0.707107 -0.707107
1.000000 1.000000 1.000000 1.000000
5.000000 4.000000

300.000000 0.000000 -250.000000
0.000000 0.707107 -0.707107
1.000000 1.000000 1.000000 1.000000
6.000000 4.000000

350.000000 0.000000 -250.000000
0.000000 0.707107 -0.707107
1.000000 1.000000 1.000000 1.000000
7.000000 4.000000

400.000000 0.000000 -250.000000
0.000000 0.707107 -0.707107
1.000000 1.000000 1.000000 1.000000
7.722020 4.000000

500.000000 0.000000 -250.000000
0.000000 0.707107 -0.707107
1.000000 1.000000 1.000000 1.000000
9.321130 4.000000

500.000000 0.000000 -250.000000
0.000000 0.447214 -0.894427
1.000000 1.000000 1.000000 1.000000
10.000000 4.000000

550.000000 0.000000 -250.000000
0.000000 0.707107 -0.707107
1.000000 1.000000 1.000000 1.000000
11.000000 4.000000

600.000000 0.000000 -250.000000
0.000000 0.707107 -0.707107
1.000000 1.000000 1.000000 1.000000
12.000000 4.000000

650.000000 0.000000 -250.000000
0.000000 0.707107 -0.707107
1.000000 1.000000 1.000000 1.000000
13.000000 4.000000

700.000000 0.000000 -250.000000
0.000000 0.707107 -0.707107
1.000000 1.000000 1.000000 1.000000
14.000000 4.000000

750.000000 0.000000 -250.000000
0.000000 0.707107 -0.707107
1.000000 1.000000 1.000000 1.000000
15.000000 4.000000

800.000000 0.000000 -250.000000
0.000000 0.707107 -0.707107
1.000000 1.000000 1.000000 1.000000
16.000000 4.000000

850.000000 0.000000 -250.000000
0.000000 0.707107 -0.707107
1.000000 1.000000 1.000000 1.000000
17.000000 4.000000

900.000000 0.000000 -250.000000
0.000000 0.707107 -0.707107
1.000000 1.000000 1.000000 1.000000
18.000000 4.000000

1000.000000 0.000000 -250.000000
0.577350 0.577350 -0.577350
1.000000 1.000000 1.000000 1.000000
19.497726 4.000000

1000.000000 -250.000000 -200.000000
1.000000 0.000000 -0.000000
1.000000 1.000000 1.000000 1.000000
21.398682 4.000000

50.000000 -250.000000 -250.000000
0.000000 1.000000 0.000000
1.000000 1.000000 1.000000 1.000000
0.000000 5.000000

0.000000 -250.000000 -250.000000
0.000000 0.000000 -1.000000
1.000000 1.000000 1.000000 1.000000
1.000000 6.635881

100.000000 -250.000000 -250.000000
0.000000 0.000000 -1.000000
1.000000 1.000000 1.000000 1.000000
2.000000 6.635881

150.000000 -250.000000 -250.000000
0.000000 0.000000 -1.000000
1.000000 1.000000 1.000000 1.000000
3.000000 6.635881

200.000000 -250.000000 -250.000000
0.000000 0.000000 -1.000000
1.000000 1.000000 1.000000 1.000000
4.000000 6.635881

250.000000 -250.000000 -250.000000
0.000000 0.000000 -1.000000
1.000000 1.000000 1.000000 1.000000
5.000000 6.635881

300.000000 -250.000000 -250.000000
0.000000 0.000000 -1.000000
1.000000 1.000000 1.000000 1.000000
6.000000 6.635881

350.000000 -250.000000 -250.000000
0.000000 0.000000 -1.000000
1.000000 1.000000 1.000000 1.000000
7.000000 6.635881

400.000000 -250.000000 -250.000000
0.000000 0.000000 -1.000000
1.000000 1.000000 1.000000 1.000000
8.000000 6.635881

450.000000 -250.000000 -250.000000
0.000000 0.000000 -1.000000
1.000000 1.000000 1.000000 1.000000
9.000000 6.635881

500.000000 -250.000000 -250.000000
0.000000 0.000000 -1.000000
1.000000 1.000000 1.000000 1.000000
10.000000 6.635881

550.000000 -250.000000 -250.000000
0.000000 0.000000 -1.000000
1.000000 1.000000 1.000000 1.000000
11.000000 6.635881

600.000000 -250.000000 -250.000000
0.000000 0.000000 -1.000000
1.000000 1.000000 1.000000 1.000000
12.000000 6.635881

650.000000 -250.000000 -250.000000
0.000000 0.000000 -1.000000
1.000000 1.000000 1.000000 1.000000
13.000000 6.635881

700.000000 -250.000000 -250.000000
0.000000 0.000000 -1.000000
1.000000 1.000000 1.000000 1.000000
14.000000 6.635881

750.000000 -250.000000 -250.000000
0.000000 0.000000 -1.000000
1.000000 1.000000 1.000000 1.000000
15.000000 6.635881

800.000000 -250.000000 -250.000000
0.000000 0.000000 -1.000000
1.000000 1.000000 1.000000 1.000000
16.000000 6.635881

850.000000 -250.000000 -250.000000
0.000000 0.000000 -1.000000
1.000000 1.000000 1.000000 1.000000
17.000000 6.635881

900.000000 -250.000000 -250.000000
0.000000 0.000000 -1.000000
1.000000 1.000000 1.000000 1.000000
18.000000 6.635881

950.000000 -250.000000 -250.000000
0.000000 0.000000 -1.000000
1.000000 1.000000 1.000000 1.000000
19.000000 6.635881

1000.000000 -250.000000 -250.000000
0.707107 0.000000 -0.707107
1.000000 1.000000 1.000000 1.000000
21.398682 6.635881

