341 31 11

100.000000 -250.000000 -500.000000
0.000000 0.000000 1.000000
1.000000 1.000000 1.000000 1.000000
0.000000 0.000000

100.000000 -250.000000 -500.000000
0.000000 0.000000 1.000000
1.000000 1.000000 1.000000 1.000000
0.330000 0.000000

200.000000 -250.000000 -500.000000
0.000000 0.000000 1.000000
1.000000 1.000000 1.000000 1.000000
0.660000 0.000000

300.000000 -250.000000 -500.000000
0.000000 0.000000 1.000000
1.000000 1.000000 1.000000 1.000000
0.990000 0.000000

400.000000 -250.000000 -500.000000
0.000000 0.000000 1.000000
1.000000 1.000000 1.000000 1.000000
1.320000 0.000000

500.000000 -250.000000 -500.000000
0.000000 0.000000 1.000000
1.000000 1.000000 1.000000 1.000000
1.650000 0.000000

600.000000 -250.000000 -500.000000
0.000000 0.000000 1.000000
1.000000 1.000000 1.000000 1.000000
1.980000 0.000000

700.000000 -250.000000 -500.000000
0.000000 0.000000 1.000000
1.000000 1.000000 1.000000 1.000000
2.310000 0.000000

800.000000 -250.000000 -500.000000
0.000000 0.000000 1.000000
1.000000 1.000000 1.000000 1.000000
2.640000 0.000000

900.000000 -250.000000 -500.000000
0.000000 0.000000 1.000000
1.000000 1.000000 1.000000 1.000000
2.970000 0.000000

900.000000 -250.000000 -0.000000
0.000000 1.000000 0.000000
1.000000 1.000000 1.000000 1.000000
3.300000 0.000000

100.000000 -250.000000 -500.000000
-1.000000 0.000000 0.000000
1.000000 1.000000 1.000000 1.000000
0.000000 1.650000

100.000000 0.000000 -500.000000
-0.408248 0.816497 0.408248
1.000000 1.000000 1.000000 1.000000
0.330000 1.650000

200.000000 0.000000 -500.000000
0.000000 0.707107 0.707107
1.000000 1.000000 1.000000 1.000000
0.660000 1.650000

300.000000 0.000000 -500.000000
0.000000 0.707107 0.707107
1.000000 1.000000 1.000000 1.000000
0.990000 1.650000

400.000000 0.000000 -500.000000
0.000000 0.707107 0.707107
1.000000 1.000000 1.000000 1.000000
1.320000 1.650000

500.000000 0.000000 -500.000000
0.000000 0.707107 0.707107
1.000000 1.000000 1.000000 1.000000
1.650000 1.650000

600.000000 0.000000 -500.000000
0.000000 0.707107 0.707107
1.000000 1.000000 1.000000 1.000000
1.980000 1.650000

700.000000 0.000000 -500.000000
0.000000 0.707107 0.707107
1.000000 1.000000 1.000000 1.000000
2.310000 1.650000

800.000000 0.000000 -500.000000
0.000000 0.707107 0.707107
1.000000 1.000000 1.000000 1.000000
2.640000 1.650000

900.000000 0.000000 -500.000000
0.666667 0.333333 0.666667
1.000000 1.000000 1.000000 1.000000
2.970000 1.650000

900.000000 -250.000000 -500.000000
1.000000 0.000000 0.000000
1.000000 1.000000 1.000000 1.000000
3.300000 1.650000

100.000000 -250.000000 -1000.000000
-1.000000 0.000000 0.000000
1.000000 1.000000 1.000000 1.000000
0.000000 3.300000

100.000000 0.000000 -1000.000000
-0.707107 0.707107 0.000000
1.000000 1.000000 1.000000 1.000000
0.330000 3.300000

200.000000 0.000000 -1000.000000
0.000000 1.000000 0.000000
1.000000 1.000000 1.000000 1.000000
0.660000 3.300000

300.000000 0.000000 -1000.000000
0.000000 1.000000 0.000000
1.000000 1.000000 1.000000 1.000000
0.990000 3.300000

400.000000 0.000000 -1000.000000
0.000000 1.000000 0.000000
1.000000 1.000000 1.000000 1.000000
1.320000 3.300000

500.000000 0.000000 -1000.000000
0.000000 1.000000 0.000000
1.000000 1.000000 1.000000 1.000000
1.650000 3.300000

600.000000 0.000000 -1000.000000
0.000000 1.000000 0.000000
1.000000 1.000000 1.000000 1.000000
1.980000 3.300000

700.000000 0.000000 -1000.000000
0.000000 1.000000 0.000000
1.000000 1.000000 1.000000 1.000000
2.310000 3.300000

800.000000 0.000000 -1000.000000
0.000000 1.000000 0.000000
1.000000 1.000000 1.000000 1.000000
2.640000 3.300000

900.000000 0.000000 -1000.000000
0.707107 0.707107 0.000000
1.000000 1.000000 1.000000 1.000000
2.970000 3.300000

900.000000 -250.000000 -1000.000000
1.000000 0.000000 -0.000000
1.000000 1.000000 1.000000 1.000000
3.300000 3.300000

100.000000 -250.000000 -1500.000000
-1.000000 0.000000 0.000000
1.000000 1.000000 1.000000 1.000000
0.000000 4.950000

100.000000 0.000000 -1500.000000
-0.707107 0.707107 0.000000
1.000000 1.000000 1.000000 1.000000
0.330000 4.950000

200.000000 0.000000 -1500.000000
0.000000 1.000000 0.000000
1.000000 1.000000 1.000000 1.000000
0.660000 4.950000

300.000000 0.000000 -1500.000000
0.000000 1.000000 0.000000
1.000000 1.000000 1.000000 1.000000
0.990000 4.950000

400.000000 0.000000 -1500.000000
0.000000 1.000000 0.000000
1.000000 1.000000 1.000000 1.000000
1.320000 4.950000

500.000000 0.000000 -1500.000000
0.000000 1.000000 0.000000
1.000000 1.000000 1.000000 1.000000
1.650000 4.950000

600.000000 0.000000 -1500.000000
0.000000 1.000000 0.000000
1.000000 1.000000 1.000000 1.000000
1.980000 4.950000

700.000000 0.000000 -1500.000000
0.000000 1.000000 0.000000
1.000000 1.000000 1.000000 1.000000
2.310000 4.950000

800.000000 0.000000 -1500.000000
0.000000 1.000000 0.000000
1.000000 1.000000 1.000000 1.000000
2.640000 4.950000

900.000000 0.000000 -1500.000000
0.707107 0.707107 0.000000
1.000000 1.000000 1.000000 1.000000
2.970000 4.950000

900.000000 -250.000000 -1500.000000
1.000000 0.000000 -0.000000
1.000000 1.000000 1.000000 1.000000
3.300000 4.950000

100.000000 -250.000000 -2000.000000
-1.000000 0.000000 0.000000
1.000000 1.000000 1.000000 1.000000
0.000000 6.600000

100.000000 0.000000 -2000.000000
-0.707107 0.707107 0.000000
1.000000 1.000000 1.000000 1.000000
0.330000 6.600000

200.000000 0.000000 -2000.000000
0.000000 1.000000 0.000000
1.000000 1.000000 1.000000 1.000000
0.660000 6.600000

300.000000 0.000000 -2000.000000
0.000000 1.000000 0.000000
1.000000 1.000000 1.000000 1.000000
0.990000 6.600000

400.000000 0.000000 -2000.000000
0.000000 1.000000 0.000000
1.000000 1.000000 1.000000 1.000000
1.320000 6.600000

500.000000 0.000000 -2000.000000
0.000000 1.000000 0.000000
1.000000 1.000000 1.000000 1.000000
1.650000 6.600000

600.000000 0.000000 -2000.000000
0.000000 1.000000 0.000000
1.000000 1.000000 1.000000 1.000000
1.980000 6.600000

700.000000 0.000000 -2000.000000
0.000000 1.000000 0.000000
1.000000 1.000000 1.000000 1.000000
2.310000 6.600000

800.000000 0.000000 -2000.000000
0.000000 1.000000 0.000000
1.000000 1.000000 1.000000 1.000000
2.640000 6.600000

900.000000 0.000000 -2000.000000
0.707107 0.707107 0.000000
1.000000 1.000000 1.000000 1.000000
2.970000 6.600000

900.000000 -250.000000 -2000.000000
1.000000 0.000000 -0.000000
1.000000 1.000000 1.000000 1.000000
3.300000 6.600000

100.000000 -250.000000 -2500.000000
-1.000000 0.000000 0.000000
1.000000 1.000000 1.000000 1.000000
0.000000 8.250000

100.000000 0.000000 -2500.000000
-0.707107 0.707107 0.000000
1.000000 1.000000 1.000000 1.000000
0.330000 8.250000

200.000000 0.000000 -2500.000000
0.000000 1.000000 0.000000
1.000000 1.000000 1.000000 1.000000
0.660000 8.250000

300.000000 0.000000 -2500.000000
0.000000 1.000000 0.000000
1.000000 1.000000 1.000000 1.000000
0.990000 8.250000

400.000000 0.000000 -2500.000000
0.000000 1.000000 0.000000
1.000000 1.000000 1.000000 1.000000
1.320000 8.250000

500.000000 0.000000 -2500.000000
0.000000 1.000000 0.000000
1.000000 1.000000 1.000000 1.000000
1.650000 8.250000

600.000000 0.000000 -2500.000000
0.000000 1.000000 0.000000
1.000000 1.000000 1.000000 1.000000
1.980000 8.250000

700.000000 0.000000 -2500.000000
0.000000 1.000000 0.000000
1.000000 1.000000 1.000000 1.000000
2.310000 8.250000

800.000000 0.000000 -2500.000000
0.000000 1.000000 0.000000
1.000000 1.000000 1.000000 1.000000
2.640000 8.250000

900.000000 0.000000 -2500.000000
0.707107 0.707107 0.000000
1.000000 1.000000 1.000000 1.000000
2.970000 8.250000

900.000000 -250.000000 -2500.000000
1.000000 0.000000 -0.000000
1.000000 1.000000 1.000000 1.000000
3.300000 8.250000

100.000000 -250.000000 -3000.000000
-1.000000 0.000000 0.000000
1.000000 1.000000 1.000000 1.000000
0.000000 9.900000

100.000000 0.000000 -3000.000000
-0.707107 0.707107 0.000000
1.000000 1.000000 1.000000 1.000000
0.330000 9.900000

200.000000 0.000000 -3000.000000
0.000000 1.000000 0.000000
1.000000 1.000000 1.000000 1.000000
0.660000 9.900000

300.000000 0.000000 -3000.000000
0.000000 1.000000 0.000000
1.000000 1.000000 1.000000 1.000000
0.990000 9.900000

400.000000 0.000000 -3000.000000
0.000000 1.000000 0.000000
1.000000 1.000000 1.000000 1.000000
1.320000 9.900000

500.000000 0.000000 -3000.000000
0.000000 1.000000 0.000000
1.000000 1.000000 1.000000 1.000000
1.650000 9.900000

600.000000 0.000000 -3000.000000
0.000000 1.000000 0.000000
1.000000 1.000000 1.000000 1.000000
1.980000 9.900000

700.000000 0.000000 -3000.000000
0.000000 1.000000 0.000000
1.000000 1.000000 1.000000 1.000000
2.310000 9.900000

800.000000 0.000000 -3000.000000
0.000000 1.000000 0.000000
1.000000 1.000000 1.000000 1.000000
2.640000 9.900000

900.000000 0.000000 -3000.000000
0.707107 0.707107 0.000000
1.000000 1.000000 1.000000 1.000000
2.970000 9.900000

900.000000 -250.000000 -3000.000000
1.000000 0.000000 -0.000000
1.000000 1.000000 1.000000 1.000000
3.300000 9.900000

100.000000 -250.000000 -3500.000000
-1.000000 0.000000 0.000000
1.000000 1.000000 1.000000 1.000000
0.000000 11.550000

100.000000 0.000000 -3500.000000
-0.707107 0.707107 0.000000
1.000000 1.000000 1.000000 1.000000
0.330000 11.550000

200.000000 0.000000 -3500.000000
0.000000 1.000000 0.000000
1.000000 1.000000 1.000000 1.000000
0.660000 11.550000

300.000000 0.000000 -3500.000000
0.000000 1.000000 0.000000
1.000000 1.000000 1.000000 1.000000
0.990000 11.550000

400.000000 0.000000 -3500.000000
0.000000 1.000000 0.000000
1.000000 1.000000 1.000000 1.000000
1.320000 11.550000

500.000000 0.000000 -3500.000000
0.000000 1.000000 0.000000
1.000000 1.000000 1.000000 1.000000
1.650000 11.550000

600.000000 0.000000 -3500.000000
0.000000 1.000000 0.000000
1.000000 1.000000 1.000000 1.000000
1.980000 11.550000

700.000000 0.000000 -3500.000000
0.000000 1.000000 0.000000
1.000000 1.000000 1.000000 1.000000
2.310000 11.550000

800.000000 0.000000 -3500.000000
0.000000 1.000000 0.000000
1.000000 1.000000 1.000000 1.000000
2.640000 11.550000

900.000000 0.000000 -3500.000000
0.707107 0.707107 0.000000
1.000000 1.000000 1.000000 1.000000
2.970000 11.550000

900.000000 -250.000000 -3500.000000
1.000000 0.000000 -0.000000
1.000000 1.000000 1.000000 1.000000
3.300000 11.550000

100.000000 -250.000000 -4000.000000
-1.000000 0.000000 0.000000
1.000000 1.000000 1.000000 1.000000
0.000000 13.200000

100.000000 0.000000 -4000.000000
-0.707107 0.707107 0.000000
1.000000 1.000000 1.000000 1.000000
0.330000 13.200000

200.000000 0.000000 -4000.000000
0.000000 1.000000 0.000000
1.000000 1.000000 1.000000 1.000000
0.660000 13.200000

300.000000 0.000000 -4000.000000
0.000000 1.000000 0.000000
1.000000 1.000000 1.000000 1.000000
0.990000 13.200000

400.000000 0.000000 -4000.000000
0.000000 1.000000 0.000000
1.000000 1.000000 1.000000 1.000000
1.320000 13.200000

500.000000 0.000000 -4000.000000
0.000000 1.000000 0.000000
1.000000 1.000000 1.000000 1.000000
1.650000 13.200000

600.000000 0.000000 -4000.000000
0.000000 1.000000 0.000000
1.000000 1.000000 1.000000 1.000000
1.980000 13.200000

700.000000 0.000000 -4000.000000
0.000000 1.000000 0.000000
1.000000 1.000000 1.000000 1.000000
2.310000 13.200000

800.000000 0.000000 -4000.000000
0.000000 1.000000 0.000000
1.000000 1.000000 1.000000 1.000000
2.640000 13.200000

900.000000 0.000000 -4000.000000
0.707107 0.707107 0.000000
1.000000 1.000000 1.000000 1.000000
2.970000 13.200000

900.000000 -250.000000 -4000.000000
1.000000 0.000000 -0.000000
1.000000 1.000000 1.000000 1.000000
3.300000 13.200000

100.000000 -250.000000 -4500.000000
-1.000000 0.000000 0.000000
1.000000 1.000000 1.000000 1.000000
0.000000 14.849999

100.000000 0.000000 -4500.000000
-0.707107 0.707107 0.000000
1.000000 1.000000 1.000000 1.000000
0.330000 14.849999

200.000000 0.000000 -4500.000000
0.000000 1.000000 0.000000
1.000000 1.000000 1.000000 1.000000
0.660000 14.849999

300.000000 0.000000 -4500.000000
0.000000 1.000000 0.000000
1.000000 1.000000 1.000000 1.000000
0.990000 14.849999

400.000000 0.000000 -4500.000000
0.000000 1.000000 0.000000
1.000000 1.000000 1.000000 1.000000
1.320000 14.849999

500.000000 0.000000 -4500.000000
0.000000 1.000000 0.000000
1.000000 1.000000 1.000000 1.000000
1.650000 14.849999

600.000000 0.000000 -4500.000000
0.000000 1.000000 0.000000
1.000000 1.000000 1.000000 1.000000
1.980000 14.849999

700.000000 0.000000 -4500.000000
0.000000 1.000000 0.000000
1.000000 1.000000 1.000000 1.000000
2.310000 14.849999

800.000000 0.000000 -4500.000000
0.000000 1.000000 0.000000
1.000000 1.000000 1.000000 1.000000
2.640000 14.849999

900.000000 0.000000 -4500.000000
0.707107 0.707107 0.000000
1.000000 1.000000 1.000000 1.000000
2.970000 14.849999

900.000000 -250.000000 -4500.000000
1.000000 0.000000 -0.000000
1.000000 1.000000 1.000000 1.000000
3.300000 14.849999

100.000000 -250.000000 -5000.000000
-1.000000 0.000000 0.000000
1.000000 1.000000 1.000000 1.000000
0.000000 16.500000

100.000000 0.000000 -5000.000000
-0.707107 0.707107 0.000000
1.000000 1.000000 1.000000 1.000000
0.330000 16.500000

200.000000 0.000000 -5000.000000
0.000000 1.000000 0.000000
1.000000 1.000000 1.000000 1.000000
0.660000 16.500000

300.000000 0.000000 -5000.000000
0.000000 1.000000 0.000000
1.000000 1.000000 1.000000 1.000000
0.990000 16.500000

400.000000 0.000000 -5000.000000
0.000000 1.000000 0.000000
1.000000 1.000000 1.000000 1.000000
1.320000 16.500000

500.000000 0.000000 -5000.000000
0.000000 1.000000 0.000000
1.000000 1.000000 1.000000 1.000000
1.650000 16.500000

600.000000 0.000000 -5000.000000
0.000000 1.000000 0.000000
1.000000 1.000000 1.000000 1.000000
1.980000 16.500000

700.000000 0.000000 -5000.000000
0.000000 1.000000 0.000000
1.000000 1.000000 1.000000 1.000000
2.310000 16.500000

800.000000 0.000000 -5000.000000
0.000000 1.000000 0.000000
1.000000 1.000000 1.000000 1.000000
2.640000 16.500000

900.000000 0.000000 -5000.000000
0.707107 0.707107 0.000000
1.000000 1.000000 1.000000 1.000000
2.970000 16.500000

900.000000 -250.000000 -5000.000000
1.000000 0.000000 -0.000000
1.000000 1.000000 1.000000 1.000000
3.300000 16.500000

100.000000 -250.000000 -5500.000000
-1.000000 0.000000 0.000000
1.000000 1.000000 1.000000 1.000000
0.000000 18.150000

100.000000 0.000000 -5500.000000
-0.707107 0.707107 0.000000
1.000000 1.000000 1.000000 1.000000
0.330000 18.150000

200.000000 0.000000 -5500.000000
0.000000 1.000000 0.000000
1.000000 1.000000 1.000000 1.000000
0.660000 18.150000

300.000000 0.000000 -5500.000000
0.000000 1.000000 0.000000
1.000000 1.000000 1.000000 1.000000
0.990000 18.150000

400.000000 0.000000 -5500.000000
0.000000 1.000000 0.000000
1.000000 1.000000 1.000000 1.000000
1.320000 18.150000

500.000000 0.000000 -5500.000000
0.000000 1.000000 0.000000
1.000000 1.000000 1.000000 1.000000
1.650000 18.150000

600.000000 0.000000 -5500.000000
0.000000 1.000000 0.000000
1.000000 1.000000 1.000000 1.000000
1.980000 18.150000

700.000000 0.000000 -5500.000000
0.000000 1.000000 0.000000
1.000000 1.000000 1.000000 1.000000
2.310000 18.150000

800.000000 0.000000 -5500.000000
0.000000 1.000000 0.000000
1.000000 1.000000 1.000000 1.000000
2.640000 18.150000

900.000000 0.000000 -5500.000000
0.707107 0.707107 0.000000
1.000000 1.000000 1.000000 1.000000
2.970000 18.150000

900.000000 -250.000000 -5500.000000
1.000000 0.000000 -0.000000
1.000000 1.000000 1.000000 1.000000
3.300000 18.150000

100.000000 -250.000000 -6000.000000
-1.000000 0.000000 0.000000
1.000000 1.000000 1.000000 1.000000
0.000000 19.799999

100.000000 0.000000 -6000.000000
-0.707107 0.707107 0.000000
1.000000 1.000000 1.000000 1.000000
0.330000 19.799999

200.000000 0.000000 -6000.000000
0.000000 1.000000 0.000000
1.000000 1.000000 1.000000 1.000000
0.660000 19.799999

300.000000 0.000000 -6000.000000
0.000000 1.000000 0.000000
1.000000 1.000000 1.000000 1.000000
0.990000 19.799999

400.000000 0.000000 -6000.000000
0.000000 1.000000 0.000000
1.000000 1.000000 1.000000 1.000000
1.320000 19.799999

500.000000 0.000000 -6000.000000
0.000000 1.000000 0.000000
1.000000 1.000000 1.000000 1.000000
1.650000 19.799999

600.000000 0.000000 -6000.000000
0.000000 1.000000 0.000000
1.000000 1.000000 1.000000 1.000000
1.980000 19.799999

700.000000 0.000000 -6000.000000
0.000000 1.000000 0.000000
1.000000 1.000000 1.000000 1.000000
2.310000 19.799999

800.000000 0.000000 -6000.000000
0.000000 1.000000 0.000000
1.000000 1.000000 1.000000 1.000000
2.640000 19.799999

900.000000 0.000000 -6000.000000
0.707107 0.707107 0.000000
1.000000 1.000000 1.000000 1.000000
2.970000 19.799999

900.000000 -250.000000 -6000.000000
1.000000 0.000000 0.000000
1.000000 1.000000 1.000000 1.000000
3.300000 19.799999

100.000000 -250.000000 -6500.000000
-1.000000 0.000000 0.000000
1.000000 1.000000 1.000000 1.000000
0.000000 21.449999

100.000000 0.000000 -6500.000000
-0.707107 0.707107 0.000000
1.000000 1.000000 1.000000 1.000000
0.330000 21.449999

200.000000 0.000000 -6500.000000
0.000000 1.000000 0.000000
1.000000 1.000000 1.000000 1.000000
0.660000 21.449999

300.000000 0.000000 -6500.000000
0.000000 1.000000 0.000000
1.000000 1.000000 1.000000 1.000000
0.990000 21.449999

400.000000 0.000000 -6500.000000
0.000000 1.000000 0.000000
1.000000 1.000000 1.000000 1.000000
1.320000 21.449999

500.000000 0.000000 -6500.000000
0.000000 1.000000 0.000000
1.000000 1.000000 1.000000 1.000000
1.650000 21.449999

600.000000 0.000000 -6500.000000
0.000000 1.000000 0.000000
1.000000 1.000000 1.000000 1.000000
1.980000 21.449999

700.000000 0.000000 -6500.000000
0.000000 1.000000 0.000000
1.000000 1.000000 1.000000 1.000000
2.310000 21.449999

800.000000 0.000000 -6500.000000
0.000000 1.000000 0.000000
1.000000 1.000000 1.000000 1.000000
2.640000 21.449999

900.000000 0.000000 -6500.000000
0.707107 0.707107 0.000000
1.000000 1.000000 1.000000 1.000000
2.970000 21.449999

900.000000 -250.000000 -6500.000000
1.000000 0.000000 -0.000000
1.000000 1.000000 1.000000 1.000000
3.300000 21.449999

100.000000 -250.000000 -7000.000000
-1.000000 0.000000 0.000000
1.000000 1.000000 1.000000 1.000000
0.000000 23.100000

100.000000 0.000000 -7000.000000
-0.707107 0.707107 0.000000
1.000000 1.000000 1.000000 1.000000
0.330000 23.100000

200.000000 0.000000 -7000.000000
0.000000 1.000000 0.000000
1.000000 1.000000 1.000000 1.000000
0.660000 23.100000

300.000000 0.000000 -7000.000000
0.000000 1.000000 0.000000
1.000000 1.000000 1.000000 1.000000
0.990000 23.100000

400.000000 0.000000 -7000.000000
0.000000 1.000000 0.000000
1.000000 1.000000 1.000000 1.000000
1.320000 23.100000

500.000000 0.000000 -7000.000000
0.000000 1.000000 0.000000
1.000000 1.000000 1.000000 1.000000
1.650000 23.100000

600.000000 0.000000 -7000.000000
0.000000 1.000000 0.000000
1.000000 1.000000 1.000000 1.000000
1.980000 23.100000

700.000000 0.000000 -7000.000000
0.000000 1.000000 0.000000
1.000000 1.000000 1.000000 1.000000
2.310000 23.100000

800.000000 0.000000 -7000.000000
0.000000 1.000000 0.000000
1.000000 1.000000 1.000000 1.000000
2.640000 23.100000

900.000000 0.000000 -7000.000000
0.707107 0.707107 0.000000
1.000000 1.000000 1.000000 1.000000
2.970000 23.100000

900.000000 -250.000000 -7000.000000
1.000000 0.000000 -0.000000
1.000000 1.000000 1.000000 1.000000
3.300000 23.100000

100.000000 -250.000000 -7500.000000
-1.000000 0.000000 0.000000
1.000000 1.000000 1.000000 1.000000
0.000000 24.750000

100.000000 0.000000 -7500.000000
-0.707107 0.707107 0.000000
1.000000 1.000000 1.000000 1.000000
0.330000 24.750000

200.000000 0.000000 -7500.000000
0.000000 1.000000 0.000000
1.000000 1.000000 1.000000 1.000000
0.660000 24.750000

300.000000 0.000000 -7500.000000
0.000000 1.000000 0.000000
1.000000 1.000000 1.000000 1.000000
0.990000 24.750000

400.000000 0.000000 -7500.000000
0.000000 1.000000 0.000000
1.000000 1.000000 1.000000 1.000000
1.320000 24.750000

500.000000 0.000000 -7500.000000
0.000000 1.000000 0.000000
1.000000 1.000000 1.000000 1.000000
1.650000 24.750000

600.000000 0.000000 -7500.000000
0.000000 1.000000 0.000000
1.000000 1.000000 1.000000 1.000000
1.980000 24.750000

700.000000 0.000000 -7500.000000
0.000000 1.000000 0.000000
1.000000 1.000000 1.000000 1.000000
2.310000 24.750000

800.000000 0.000000 -7500.000000
0.000000 1.000000 0.000000
1.000000 1.000000 1.000000 1.000000
2.640000 24.750000

900.000000 0.000000 -7500.000000
0.707107 0.707107 0.000000
1.000000 1.000000 1.000000 1.000000
2.970000 24.750000

900.000000 -250.000000 -7500.000000
1.000000 0.000000 -0.000000
1.000000 1.000000 1.000000 1.000000
3.300000 24.750000

100.000000 -250.000000 -8000.000000
-1.000000 0.000000 0.000000
1.000000 1.000000 1.000000 1.000000
0.000000 26.400000

100.000000 0.000000 -8000.000000
-0.707107 0.707107 0.000000
1.000000 1.000000 1.000000 1.000000
0.330000 26.400000

200.000000 0.000000 -8000.000000
0.000000 1.000000 0.000000
1.000000 1.000000 1.000000 1.000000
0.660000 26.400000

300.000000 0.000000 -8000.000000
0.000000 1.000000 0.000000
1.000000 1.000000 1.000000 1.000000
0.990000 26.400000

400.000000 0.000000 -8000.000000
0.000000 1.000000 0.000000
1.000000 1.000000 1.000000 1.000000
1.320000 26.400000

500.000000 0.000000 -8000.000000
0.000000 1.000000 0.000000
1.000000 1.000000 1.000000 1.000000
1.650000 26.400000

600.000000 0.000000 -8000.000000
0.000000 1.000000 0.000000
1.000000 1.000000 1.000000 1.000000
1.980000 26.400000

700.000000 0.000000 -8000.000000
0.000000 1.000000 0.000000
1.000000 1.000000 1.000000 1.000000
2.310000 26.400000

800.000000 0.000000 -8000.000000
0.000000 1.000000 0.000000
1.000000 1.000000 1.000000 1.000000
2.640000 26.400000

900.000000 0.000000 -8000.000000
0.707107 0.707107 0.000000
1.000000 1.000000 1.000000 1.000000
2.970000 26.400000

900.000000 -250.000000 -8000.000000
1.000000 0.000000 -0.000000
1.000000 1.000000 1.000000 1.000000
3.300000 26.400000

100.000000 -250.000000 -8500.000000
-1.000000 0.000000 0.000000
1.000000 1.000000 1.000000 1.000000
0.000000 28.049999

100.000000 0.000000 -8500.000000
-0.707107 0.707107 0.000000
1.000000 1.000000 1.000000 1.000000
0.330000 28.049999

200.000000 0.000000 -8500.000000
-0.000000 1.000000 0.000000
1.000000 1.000000 1.000000 1.000000
0.660000 28.049999

300.000000 0.000000 -8500.000000
0.000000 1.000000 0.000000
1.000000 1.000000 1.000000 1.000000
0.990000 28.049999

400.000000 0.000000 -8500.000000
0.000000 1.000000 0.000000
1.000000 1.000000 1.000000 1.000000
1.320000 28.049999

500.000000 0.000000 -8500.000000
0.000000 1.000000 0.000000
1.000000 1.000000 1.000000 1.000000
1.650000 28.049999

600.000000 0.000000 -8500.000000
0.000000 1.000000 0.000000
1.000000 1.000000 1.000000 1.000000
1.980000 28.049999

700.000000 0.000000 -8500.000000
0.000000 1.000000 0.000000
1.000000 1.000000 1.000000 1.000000
2.310000 28.049999

800.000000 0.000000 -8500.000000
0.000000 1.000000 0.000000
1.000000 1.000000 1.000000 1.000000
2.640000 28.049999

900.000000 0.000000 -8500.000000
0.707107 0.707107 0.000000
1.000000 1.000000 1.000000 1.000000
2.970000 28.049999

900.000000 -250.000000 -8500.000000
1.000000 0.000000 -0.000000
1.000000 1.000000 1.000000 1.000000
3.300000 28.049999

100.000000 -250.000000 -9000.000000
-1.000000 0.000000 0.000000
1.000000 1.000000 1.000000 1.000000
0.000000 29.699999

100.000000 0.000000 -9000.000000
-0.707107 0.707107 0.000000
1.000000 1.000000 1.000000 1.000000
0.330000 29.699999

200.000000 0.000000 -9000.000000
-0.000000 1.000000 0.000000
1.000000 1.000000 1.000000 1.000000
0.660000 29.699999

300.000000 0.000000 -9000.000000
0.000000 1.000000 0.000000
1.000000 1.000000 1.000000 1.000000
0.990000 29.699999

400.000000 0.000000 -9000.000000
0.000000 1.000000 0.000000
1.000000 1.000000 1.000000 1.000000
1.320000 29.699999

500.000000 0.000000 -9000.000000
0.000000 1.000000 0.000000
1.000000 1.000000 1.000000 1.000000
1.650000 29.699999

600.000000 0.000000 -9000.000000
0.000000 1.000000 0.000000
1.000000 1.000000 1.000000 1.000000
1.980000 29.699999

700.000000 0.000000 -9000.000000
0.000000 1.000000 0.000000
1.000000 1.000000 1.000000 1.000000
2.310000 29.699999

800.000000 0.000000 -9000.000000
0.000000 1.000000 0.000000
1.000000 1.000000 1.000000 1.000000
2.640000 29.699999

900.000000 0.000000 -9000.000000
0.707107 0.707107 0.000000
1.000000 1.000000 1.000000 1.000000
2.970000 29.699999

900.000000 -250.000000 -9000.000000
1.000000 0.000000 -0.000000
1.000000 1.000000 1.000000 1.000000
3.300000 29.699999

100.000000 -250.000000 -9500.000000
-1.000000 0.000000 0.000000
1.000000 1.000000 1.000000 1.000000
0.000000 31.350000

100.000000 0.000000 -9500.000000
-0.707107 0.707107 0.000000
1.000000 1.000000 1.000000 1.000000
0.330000 31.350000

200.000000 0.000000 -9500.000000
0.000000 1.000000 0.000000
1.000000 1.000000 1.000000 1.000000
0.660000 31.350000

300.000000 0.000000 -9500.000000
0.000000 1.000000 0.000000
1.000000 1.000000 1.000000 1.000000
0.990000 31.350000

400.000000 0.000000 -9500.000000
0.000000 1.000000 0.000000
1.000000 1.000000 1.000000 1.000000
1.320000 31.350000

500.000000 0.000000 -9500.000000
0.000000 1.000000 0.000000
1.000000 1.000000 1.000000 1.000000
1.650000 31.350000

600.000000 0.000000 -9500.000000
0.000000 1.000000 0.000000
1.000000 1.000000 1.000000 1.000000
1.980000 31.350000

700.000000 0.000000 -9500.000000
0.000000 1.000000 0.000000
1.000000 1.000000 1.000000 1.000000
2.310000 31.350000

800.000000 0.000000 -9500.000000
0.000000 1.000000 0.000000
1.000000 1.000000 1.000000 1.000000
2.640000 31.350000

900.000000 0.000000 -9500.000000
0.707107 0.707107 0.000000
1.000000 1.000000 1.000000 1.000000
2.970000 31.350000

900.000000 -250.000000 -9500.000000
1.000000 0.000000 0.000000
1.000000 1.000000 1.000000 1.000000
3.300000 31.350000

100.000000 -250.000000 -10000.000000
-1.000000 0.000000 0.000000
1.000000 1.000000 1.000000 1.000000
0.000000 33.000000

100.000000 0.000000 -10000.000000
-0.707107 0.707107 0.000000
1.000000 1.000000 1.000000 1.000000
0.330000 33.000000

200.000000 0.000000 -10000.000000
0.000000 1.000000 0.000000
1.000000 1.000000 1.000000 1.000000
0.660000 33.000000

300.000000 0.000000 -10000.000000
0.000000 1.000000 0.000000
1.000000 1.000000 1.000000 1.000000
0.990000 33.000000

400.000000 0.000000 -10000.000000
0.000000 1.000000 0.000000
1.000000 1.000000 1.000000 1.000000
1.320000 33.000000

500.000000 0.000000 -10000.000000
0.000000 1.000000 0.000000
1.000000 1.000000 1.000000 1.000000
1.650000 33.000000

600.000000 0.000000 -10000.000000
0.000000 1.000000 0.000000
1.000000 1.000000 1.000000 1.000000
1.980000 33.000000

700.000000 0.000000 -10000.000000
0.000000 1.000000 0.000000
1.000000 1.000000 1.000000 1.000000
2.310000 33.000000

800.000000 0.000000 -10000.000000
0.000000 1.000000 0.000000
1.000000 1.000000 1.000000 1.000000
2.640000 33.000000

900.000000 0.000000 -10000.000000
0.707107 0.707107 0.000000
1.000000 1.000000 1.000000 1.000000
2.970000 33.000000

900.000000 -250.000000 -10000.000000
1.000000 0.000000 0.000000
1.000000 1.000000 1.000000 1.000000
3.300000 33.000000

100.000000 -250.000000 -10500.000000
-1.000000 0.000000 0.000000
1.000000 1.000000 1.000000 1.000000
0.000000 34.649998

100.000000 0.000000 -10500.000000
-0.707107 0.707107 0.000000
1.000000 1.000000 1.000000 1.000000
0.330000 34.649998

200.000000 0.000000 -10500.000000
0.000000 1.000000 0.000000
1.000000 1.000000 1.000000 1.000000
0.660000 34.649998

300.000000 0.000000 -10500.000000
0.000000 1.000000 0.000000
1.000000 1.000000 1.000000 1.000000
0.990000 34.649998

400.000000 0.000000 -10500.000000
0.000000 1.000000 0.000000
1.000000 1.000000 1.000000 1.000000
1.320000 34.649998

500.000000 0.000000 -10500.000000
0.000000 1.000000 0.000000
1.000000 1.000000 1.000000 1.000000
1.650000 34.649998

600.000000 0.000000 -10500.000000
0.000000 1.000000 0.000000
1.000000 1.000000 1.000000 1.000000
1.980000 34.649998

700.000000 0.000000 -10500.000000
0.000000 1.000000 0.000000
1.000000 1.000000 1.000000 1.000000
2.310000 34.649998

800.000000 0.000000 -10500.000000
0.000000 1.000000 0.000000
1.000000 1.000000 1.000000 1.000000
2.640000 34.649998

900.000000 0.000000 -10500.000000
0.707107 0.707107 0.000000
1.000000 1.000000 1.000000 1.000000
2.970000 34.649998

900.000000 -250.000000 -10500.000000
1.000000 0.000000 -0.000000
1.000000 1.000000 1.000000 1.000000
3.300000 34.649998

100.000000 -250.000000 -11000.000000
-1.000000 0.000000 0.000000
1.000000 1.000000 1.000000 1.000000
0.000000 36.299999

100.000000 0.000000 -11000.000000
-0.707107 0.707107 0.000000
1.000000 1.000000 1.000000 1.000000
0.330000 36.299999

200.000000 0.000000 -11000.000000
0.000000 1.000000 0.000000
1.000000 1.000000 1.000000 1.000000
0.660000 36.299999

300.000000 0.000000 -11000.000000
0.000000 1.000000 0.000000
1.000000 1.000000 1.000000 1.000000
0.990000 36.299999

400.000000 0.000000 -11000.000000
0.000000 1.000000 0.000000
1.000000 1.000000 1.000000 1.000000
1.320000 36.299999

500.000000 0.000000 -11000.000000
0.000000 1.000000 0.000000
1.000000 1.000000 1.000000 1.000000
1.650000 36.299999

600.000000 0.000000 -11000.000000
0.000000 1.000000 0.000000
1.000000 1.000000 1.000000 1.000000
1.980000 36.299999

700.000000 0.000000 -11000.000000
0.000000 1.000000 0.000000
1.000000 1.000000 1.000000 1.000000
2.310000 36.299999

800.000000 0.000000 -11000.000000
0.000000 1.000000 0.000000
1.000000 1.000000 1.000000 1.000000
2.640000 36.299999

900.000000 0.000000 -11000.000000
0.707107 0.707107 0.000000
1.000000 1.000000 1.000000 1.000000
2.970000 36.299999

900.000000 -250.000000 -11000.000000
1.000000 0.000000 -0.000000
1.000000 1.000000 1.000000 1.000000
3.300000 36.299999

100.000000 -250.000000 -11500.000000
-1.000000 0.000000 0.000000
1.000000 1.000000 1.000000 1.000000
0.000000 37.950001

100.000000 0.000000 -11500.000000
-0.707107 0.707107 0.000000
1.000000 1.000000 1.000000 1.000000
0.330000 37.950001

200.000000 0.000000 -11500.000000
0.000000 1.000000 0.000000
1.000000 1.000000 1.000000 1.000000
0.660000 37.950001

300.000000 0.000000 -11500.000000
0.000000 1.000000 0.000000
1.000000 1.000000 1.000000 1.000000
0.990000 37.950001

400.000000 0.000000 -11500.000000
0.000000 1.000000 0.000000
1.000000 1.000000 1.000000 1.000000
1.320000 37.950001

500.000000 0.000000 -11500.000000
0.000000 1.000000 0.000000
1.000000 1.000000 1.000000 1.000000
1.650000 37.950001

600.000000 0.000000 -11500.000000
0.000000 1.000000 0.000000
1.000000 1.000000 1.000000 1.000000
1.980000 37.950001

700.000000 0.000000 -11500.000000
0.000000 1.000000 0.000000
1.000000 1.000000 1.000000 1.000000
2.310000 37.950001

800.000000 0.000000 -11500.000000
0.000000 1.000000 0.000000
1.000000 1.000000 1.000000 1.000000
2.640000 37.950001

900.000000 0.000000 -11500.000000
0.707107 0.707107 0.000000
1.000000 1.000000 1.000000 1.000000
2.970000 37.950001

900.000000 -250.000000 -11500.000000
1.000000 0.000000 -0.000000
1.000000 1.000000 1.000000 1.000000
3.300000 37.950001

100.000000 -250.000000 -12000.000000
-1.000000 0.000000 0.000000
1.000000 1.000000 1.000000 1.000000
0.000000 39.599998

100.000000 0.000000 -12000.000000
-0.707107 0.707107 0.000000
1.000000 1.000000 1.000000 1.000000
0.330000 39.599998

200.000000 0.000000 -12000.000000
0.000000 1.000000 0.000000
1.000000 1.000000 1.000000 1.000000
0.660000 39.599998

300.000000 0.000000 -12000.000000
0.000000 1.000000 0.000000
1.000000 1.000000 1.000000 1.000000
0.990000 39.599998

400.000000 0.000000 -12000.000000
0.000000 1.000000 0.000000
1.000000 1.000000 1.000000 1.000000
1.320000 39.599998

500.000000 0.000000 -12000.000000
0.000000 1.000000 0.000000
1.000000 1.000000 1.000000 1.000000
1.650000 39.599998

600.000000 0.000000 -12000.000000
0.000000 1.000000 0.000000
1.000000 1.000000 1.000000 1.000000
1.980000 39.599998

700.000000 0.000000 -12000.000000
0.000000 1.000000 0.000000
1.000000 1.000000 1.000000 1.000000
2.310000 39.599998

800.000000 0.000000 -12000.000000
0.000000 1.000000 0.000000
1.000000 1.000000 1.000000 1.000000
2.640000 39.599998

900.000000 0.000000 -12000.000000
0.707107 0.707107 0.000000
1.000000 1.000000 1.000000 1.000000
2.970000 39.599998

900.000000 -250.000000 -12000.000000
1.000000 0.000000 -0.000000
1.000000 1.000000 1.000000 1.000000
3.300000 39.599998

100.000000 -250.000000 -12500.000000
-1.000000 0.000000 0.000000
1.000000 1.000000 1.000000 1.000000
0.000000 41.250000

100.000000 0.000000 -12500.000000
-0.707107 0.707107 0.000000
1.000000 1.000000 1.000000 1.000000
0.330000 41.250000

200.000000 0.000000 -12500.000000
0.000000 1.000000 0.000000
1.000000 1.000000 1.000000 1.000000
0.660000 41.250000

300.000000 0.000000 -12500.000000
0.000000 1.000000 0.000000
1.000000 1.000000 1.000000 1.000000
0.990000 41.250000

400.000000 0.000000 -12500.000000
0.000000 1.000000 0.000000
1.000000 1.000000 1.000000 1.000000
1.320000 41.250000

500.000000 0.000000 -12500.000000
0.000000 1.000000 0.000000
1.000000 1.000000 1.000000 1.000000
1.650000 41.250000

600.000000 0.000000 -12500.000000
0.000000 1.000000 0.000000
1.000000 1.000000 1.000000 1.000000
1.980000 41.250000

700.000000 0.000000 -12500.000000
0.000000 1.000000 0.000000
1.000000 1.000000 1.000000 1.000000
2.310000 41.250000

800.000000 0.000000 -12500.000000
0.000000 1.000000 0.000000
1.000000 1.000000 1.000000 1.000000
2.640000 41.250000

900.000000 0.000000 -12500.000000
0.707107 0.707107 0.000000
1.000000 1.000000 1.000000 1.000000
2.970000 41.250000

900.000000 -250.000000 -12500.000000
1.000000 0.000000 -0.000000
1.000000 1.000000 1.000000 1.000000
3.300000 41.250000

100.000000 -250.000000 -13000.000000
-1.000000 0.000000 0.000000
1.000000 1.000000 1.000000 1.000000
0.000000 42.899998

100.000000 0.000000 -13000.000000
-0.707107 0.707107 0.000000
1.000000 1.000000 1.000000 1.000000
0.330000 42.899998

200.000000 0.000000 -13000.000000
0.000000 1.000000 0.000000
1.000000 1.000000 1.000000 1.000000
0.660000 42.899998

300.000000 0.000000 -13000.000000
0.000000 1.000000 0.000000
1.000000 1.000000 1.000000 1.000000
0.990000 42.899998

400.000000 0.000000 -13000.000000
0.000000 1.000000 0.000000
1.000000 1.000000 1.000000 1.000000
1.320000 42.899998

500.000000 0.000000 -13000.000000
0.000000 1.000000 0.000000
1.000000 1.000000 1.000000 1.000000
1.650000 42.899998

600.000000 0.000000 -13000.000000
0.000000 1.000000 0.000000
1.000000 1.000000 1.000000 1.000000
1.980000 42.899998

700.000000 0.000000 -13000.000000
0.000000 1.000000 0.000000
1.000000 1.000000 1.000000 1.000000
2.310000 42.899998

800.000000 0.000000 -13000.000000
0.000000 1.000000 0.000000
1.000000 1.000000 1.000000 1.000000
2.640000 42.899998

900.000000 0.000000 -13000.000000
0.707107 0.707107 0.000000
1.000000 1.000000 1.000000 1.000000
2.970000 42.899998

900.000000 -250.000000 -13000.000000
1.000000 0.000000 -0.000000
1.000000 1.000000 1.000000 1.000000
3.300000 42.899998

100.000000 -250.000000 -13500.000000
-1.000000 0.000000 0.000000
1.000000 1.000000 1.000000 1.000000
0.000000 44.549999

100.000000 0.000000 -13500.000000
-0.707107 0.707107 0.000000
1.000000 1.000000 1.000000 1.000000
0.330000 44.549999

200.000000 0.000000 -13500.000000
0.000000 1.000000 0.000000
1.000000 1.000000 1.000000 1.000000
0.660000 44.549999

300.000000 0.000000 -13500.000000
0.000000 1.000000 0.000000
1.000000 1.000000 1.000000 1.000000
0.990000 44.549999

400.000000 0.000000 -13500.000000
0.000000 1.000000 0.000000
1.000000 1.000000 1.000000 1.000000
1.320000 44.549999

500.000000 0.000000 -13500.000000
0.000000 1.000000 0.000000
1.000000 1.000000 1.000000 1.000000
1.650000 44.549999

600.000000 0.000000 -13500.000000
0.000000 1.000000 0.000000
1.000000 1.000000 1.000000 1.000000
1.980000 44.549999

700.000000 0.000000 -13500.000000
0.000000 1.000000 0.000000
1.000000 1.000000 1.000000 1.000000
2.310000 44.549999

800.000000 0.000000 -13500.000000
0.000000 1.000000 0.000000
1.000000 1.000000 1.000000 1.000000
2.640000 44.549999

900.000000 0.000000 -13500.000000
0.707107 0.707107 0.000000
1.000000 1.000000 1.000000 1.000000
2.970000 44.549999

900.000000 -250.000000 -13500.000000
1.000000 0.000000 -0.000000
1.000000 1.000000 1.000000 1.000000
3.300000 44.549999

100.000000 -250.000000 -14000.000000
-1.000000 0.000000 0.000000
1.000000 1.000000 1.000000 1.000000
0.000000 46.200001

100.000000 0.000000 -14000.000000
-0.707107 0.707107 0.000000
1.000000 1.000000 1.000000 1.000000
0.330000 46.200001

200.000000 0.000000 -14000.000000
0.000000 1.000000 0.000000
1.000000 1.000000 1.000000 1.000000
0.660000 46.200001

300.000000 0.000000 -14000.000000
0.000000 1.000000 0.000000
1.000000 1.000000 1.000000 1.000000
0.990000 46.200001

400.000000 0.000000 -14000.000000
0.000000 1.000000 0.000000
1.000000 1.000000 1.000000 1.000000
1.320000 46.200001

500.000000 0.000000 -14000.000000
0.000000 1.000000 0.000000
1.000000 1.000000 1.000000 1.000000
1.650000 46.200001

600.000000 0.000000 -14000.000000
0.000000 1.000000 0.000000
1.000000 1.000000 1.000000 1.000000
1.980000 46.200001

700.000000 0.000000 -14000.000000
0.000000 1.000000 0.000000
1.000000 1.000000 1.000000 1.000000
2.310000 46.200001

800.000000 0.000000 -14000.000000
0.000000 1.000000 0.000000
1.000000 1.000000 1.000000 1.000000
2.640000 46.200001

900.000000 0.000000 -14000.000000
0.707107 0.707107 0.000000
1.000000 1.000000 1.000000 1.000000
2.970000 46.200001

900.000000 -250.000000 -14000.000000
1.000000 0.000000 -0.000000
1.000000 1.000000 1.000000 1.000000
3.300000 46.200001

100.000000 -250.000000 -14500.000000
-1.000000 0.000000 0.000000
1.000000 1.000000 1.000000 1.000000
0.000000 47.849998

100.000000 0.000000 -14500.000000
-0.666667 0.333333 -0.666667
1.000000 1.000000 1.000000 1.000000
0.330000 47.849998

200.000000 0.000000 -14500.000000
0.000000 0.707107 -0.707107
1.000000 1.000000 1.000000 1.000000
0.660000 47.849998

300.000000 0.000000 -14500.000000
0.000000 0.707107 -0.707107
1.000000 1.000000 1.000000 1.000000
0.990000 47.849998

400.000000 0.000000 -14500.000000
0.000000 0.707107 -0.707107
1.000000 1.000000 1.000000 1.000000
1.320000 47.849998

500.000000 0.000000 -14500.000000
0.000000 0.707107 -0.707107
1.000000 1.000000 1.000000 1.000000
1.650000 47.849998

600.000000 0.000000 -14500.000000
0.000000 0.707107 -0.707107
1.000000 1.000000 1.000000 1.000000
1.980000 47.849998

700.000000 0.000000 -14500.000000
0.000000 0.707107 -0.707107
1.000000 1.000000 1.000000 1.000000
2.310000 47.849998

800.000000 0.000000 -14500.000000
0.000000 0.707107 -0.707107
1.000000 1.000000 1.000000 1.000000
2.640000 47.849998

900.000000 0.000000 -14500.000000
0.408248 0.816497 -0.408248
1.000000 1.000000 1.000000 1.000000
2.970000 47.849998

900.000000 -250.000000 -14500.000000
1.000000 0.000000 0.000000
1.000000 1.000000 1.000000 1.000000
3.300000 47.849998

0.000000 -250.000000 -14500.000000
0.000000 1.000000 0.000000
1.000000 1.000000 1.000000 1.000000
0.000000 49.500000

100.000000 -250.000000 -14500.000000
0.000000 0.000000 -1.000000
1.000000 1.000000 1.000000 1.000000
0.330000 49.500000

200.000000 -250.000000 -14500.000000
0.000000 0.000000 -1.000000
1.000000 1.000000 1.000000 1.000000
0.660000 49.500000

300.000000 -250.000000 -14500.000000
0.000000 0.000000 -1.000000
1.000000 1.000000 1.000000 1.000000
0.990000 49.500000

400.000000 -250.000000 -14500.000000
0.000000 0.000000 -1.000000
1.000000 1.000000 1.000000 1.000000
1.320000 49.500000

500.000000 -250.000000 -14500.000000
0.000000 0.000000 -1.000000
1.000000 1.000000 1.000000 1.000000
1.650000 49.500000

600.000000 -250.000000 -14500.000000
0.000000 0.000000 -1.000000
1.000000 1.000000 1.000000 1.000000
1.980000 49.500000

700.000000 -250.000000 -14500.000000
0.000000 0.000000 -1.000000
1.000000 1.000000 1.000000 1.000000
2.310000 49.500000

800.000000 -250.000000 -14500.000000
0.000000 0.000000 -1.000000
1.000000 1.000000 1.000000 1.000000
2.640000 49.500000

900.000000 -250.000000 -14500.000000
0.000000 0.000000 -1.000000
1.000000 1.000000 1.000000 1.000000
2.970000 49.500000

900.000000 -250.000000 -14500.000000
0.000000 0.000000 -1.000000
1.000000 1.000000 1.000000 1.000000
3.300000 49.500000

